  1.0116210e-002 -4.8881367e-003
  7.0212040e-004  2.5455780e-002
 -9.0093775e-003  3.5654974e-002
  3.1332893e-003  1.5242446e-002
 -2.4030648e-004 -2.1649670e-002
  3.9658934e-004  2.5548817e-002
  4.2466882e-003  3.2486645e-002
 -9.7755286e-003  2.9310303e-002
 -5.8975193e-003 -1.6647225e-002
 -5.3015089e-003  2.3839274e-002
 -4.0022921e-003 -1.3781791e-002
 -1.6824925e-002  3.0894581e-002
 -1.0172615e-002 -2.0554160e-002
  1.3975413e-003  1.9766755e-002
  6.5322579e-003  2.2254995e-002
  4.7779320e-003  2.4739331e-003
  6.2479661e-003  1.1674860e-002
  4.2470800e-003  4.1349025e-002
 -1.3144846e-002 -1.8969057e-002
  6.2647134e-003 -5.1769162e-002
  2.2572738e-003  2.1126764e-002
 -1.5251895e-003 -1.6234743e-002
 -2.9231131e-003  3.5746114e-002
  4.7970028e-003 -2.2426035e-004
  2.2403399e-003 -3.4959779e-002
 -1.6535995e-004 -2.5467822e-002
 -1.2061746e-002 -2.5181241e-002
 -5.1662736e-003 -3.6831474e-002
 -1.3606499e-002 -1.7591145e-002
 -1.2965572e-002  4.1236262e-002
 -5.3368046e-003 -1.3952018e-002
  5.5064734e-003  1.8894329e-003
 -1.7522082e-003 -7.9354588e-004
 -1.3659116e-002  1.3353081e-002
 -1.3958212e-002 -5.5786630e-002
 -8.5486359e-003  3.7142922e-002
 -1.4375135e-002  3.6151997e-002
 -5.3001168e-003  1.4562921e-002
 -8.4457143e-004  3.4272891e-002
  6.6233410e-003  2.6354887e-002
 -9.3800533e-003 -8.9033586e-003
  4.0929957e-003 -3.7285636e-002
 -6.4809519e-003  1.3980902e-002
 -4.4447835e-003  3.8857843e-002
 -6.8681150e-003  1.1601401e-003
  1.9587859e-003  3.7464185e-002
 -8.4217528e-004 -1.5073545e-002
 -3.8621742e-004  1.3823837e-002
  1.8738220e-003 -5.0860198e-002
 -9.3516280e-003  3.2595638e-002
 -1.1885853e-002  1.6623075e-002
  3.7101781e-003  1.8880576e-002
 -7.5905232e-003  2.0693496e-002
  6.0336800e-003 -1.6613815e-002
  6.4268295e-003  1.5880805e-002
 -3.8559300e-004 -1.3054908e-002
 -2.3102055e-003 -4.0283585e-002
 -9.4731142e-004 -5.0725529e-002
 -8.2888196e-003 -2.6117069e-002
 -1.4801578e-002 -2.3811394e-002
  6.6618741e-004 -4.8342079e-002
  4.0551289e-003 -1.4143623e-002
  1.5629872e-003 -1.0896362e-002
  2.4159316e-003 -3.6489028e-002
 -7.9450987e-003  3.9812370e-002
 -2.7037838e-003  4.8955528e-003
 -1.3395230e-002 -1.6746898e-002
 -1.3124635e-002  6.9685563e-003
 -5.0015943e-003 -7.4038369e-003
 -1.1184382e-002 -2.8839425e-002
  6.6690407e-003 -2.4240585e-002
  5.7452161e-004  3.2354739e-002
 -1.4819783e-003  3.5997855e-002
 -3.6727845e-003 -3.5925411e-002
 -1.5313302e-002 -2.0061496e-002
  4.8046731e-004 -2.1318832e-002
  4.3207512e-003 -3.0528989e-002
 -9.4869588e-003 -2.4649546e-002
 -7.9031386e-003 -3.1841800e-002
 -8.4409671e-001 -3.1920823e-002
 -8.4918461e-001  3.3474166e-002
 -8.4023222e-001 -1.9248951e-001
 -8.3305948e-001 -3.2876904e-001
 -8.3744219e-001 -6.4672743e-001
 -8.3103898e-001 -9.5994312e-001
 -8.3392228e-001 -1.2664732e+000
 -8.3392328e-001 -1.5219332e+000
 -8.3925272e-001 -1.8843521e+000
 -8.4711609e-001 -2.1861022e+000
 -8.3350494e-001 -2.4247340e+000
 -8.4642601e-001 -2.6518050e+000
 -8.3482801e-001 -2.9166445e+000
 -8.3110582e-001 -3.1084390e+000
 -8.3041036e-001 -3.3211936e+000
 -8.3518985e-001 -3.4953386e+000
 -8.4574001e-001 -3.6274336e+000
 -8.3445018e-001 -3.7667125e+000
 -8.4058551e-001 -3.8983389e+000
 -8.4892619e-001 -3.9147847e+000
 -8.4782280e-001 -4.0183600e+000
 -8.3525202e-001 -4.1217537e+000
 -8.4808059e-001 -4.2228554e+000
 -8.4670476e-001 -4.3020349e+000
 -8.3309580e-001 -4.3125444e+000
 -8.3888604e-001 -4.4056232e+000
 -8.3676499e-001 -4.4137531e+000
 -8.4757672e-001 -4.4658610e+000
 -8.3683225e-001 -4.4160467e+000
 -8.3410634e-001 -4.5181259e+000
 -8.4320830e-001 -4.5155646e+000
 -8.2836352e-001 -4.5121232e+000
 -8.4654267e-001 -4.5967729e+000
 -8.2973498e-001 -4.5855586e+000
 -8.4239595e-001 -4.5477974e+000
 -8.4641272e-001 -4.5586584e+000
 -8.4706668e-001 -4.6073186e+000
 -8.4168594e-001 -4.6351603e+000
 -8.4126804e-001 -4.6468094e+000
 -8.4968406e-001 -4.5924967e+000
 -8.4184353e-001 -4.6732332e+000
 -8.4824813e-001 -4.6683008e+000
 -8.3043350e-001 -4.6472503e+000
 -8.4275934e-001 -4.6147521e+000
 -8.4929007e-001 -4.6558518e+000
 -8.4452246e-001 -4.6038607e+000
 -8.3498814e-001 -4.6159736e+000
 -8.3043436e-001 -4.6186613e+000
 -8.3027312e-001 -4.6400311e+000
 -8.4779216e-001 -4.6191248e+000
 -8.2892349e-001 -4.6066456e+000
 -8.4350108e-001 -4.6496220e+000
 -8.3562156e-001 -4.6920873e+000
 -8.3619352e-001 -4.6125786e+000
 -8.4413910e-001 -4.6093477e+000
 -8.3131185e-001 -4.7014236e+000
 -8.4857989e-001 -4.6195867e+000
 -8.4921218e-001 -4.6819081e+000
 -8.4767752e-001 -4.6919711e+000
 -8.4070754e-001 -4.6869748e+000
 -8.5055041e-001 -4.6808401e+000
 -8.3569178e-001 -4.6176462e+000
 -8.3309749e-001 -4.6719971e+000
 -8.4978808e-001 -4.6674647e+000
 -8.3464258e-001 -4.6369685e+000
 -8.3276903e-001 -4.6869477e+000
 -8.3860725e-001 -4.6111899e+000
 -8.3351833e-001 -4.6217179e+000
 -8.2795475e-001 -4.6634655e+000
  7.4070813e-001 -4.6434761e+000
  7.4553649e-001 -4.6245480e+000
  7.4371245e-001 -4.4831616e+000
  7.5157571e-001 -4.2606799e+000
  7.5833886e-001 -3.8415481e+000
  7.5265673e-001 -3.4535835e+000
  7.5072965e-001 -3.1424447e+000
  7.3559718e-001 -2.7308536e+000
  7.4353189e-001 -2.2908906e+000
  7.5770874e-001 -1.9358862e+000
  7.3910775e-001 -1.6463025e+000
  7.3876721e-001 -1.3358691e+000
  7.5707369e-001 -1.0042751e+000
  7.5866876e-001 -7.2072228e-001
  7.4020978e-001 -4.9536698e-001
  7.5643308e-001 -2.8919691e-001
  7.4723579e-001 -9.4803373e-002
  7.5689295e-001  3.0080032e-003
  7.5812987e-001  2.0221533e-001
  7.4407245e-001  3.1716343e-001
  7.4357551e-001  4.0022779e-001
  7.5346553e-001  5.6451697e-001
  7.5266609e-001  6.2894054e-001
  7.3656354e-001  6.3276376e-001
  7.4256657e-001  7.6892574e-001
  7.3720406e-001  7.8808296e-001
  7.5394906e-001  8.2432010e-001
  7.4716355e-001  8.9008726e-001
  7.4041286e-001  8.9857319e-001
  7.4112983e-001  9.6524627e-001
  7.5336951e-001  1.0104280e+000
  7.5448552e-001  1.0233259e+000
  7.5500973e-001  1.0477163e+000
  7.4998848e-001  1.0974602e+000
  7.4674291e-001  1.0718172e+000
  7.4641281e-001  1.0870765e+000
  7.3901123e-001  1.0778147e+000
  7.4614691e-001  1.0928037e+000
  7.4669352e-001  1.1328393e+000
  7.4518345e-001  1.1569725e+000
  7.5004496e-001  1.1523358e+000
  7.4372774e-001  1.1197438e+000
  7.3569701e-001  1.1876676e+000
  7.5821959e-001  1.2095884e+000
  7.4900569e-001  1.2135122e+000
  7.4488691e-001  1.1333225e+000
  7.4003932e-001  1.2122437e+000
  7.4409875e-001  1.1898077e+000
  7.4393405e-001  1.1814406e+000
  7.5349545e-001  1.1816121e+000
  7.4066338e-001  1.1575400e+000
  7.5686482e-001  1.1948554e+000
  7.5289032e-001  1.1675776e+000
  7.4391354e-001  1.2104338e+000
  7.5292886e-001  1.1893445e+000
  7.4032574e-001  1.1457806e+000
  7.4090648e-001  1.1699136e+000
  7.5890085e-001  1.1933423e+000
  7.5593629e-001  1.1709897e+000
  7.4252373e-001  1.1367705e+000
  7.4059668e-001  1.1679861e+000
  7.5707226e-001  1.1605008e+000
  7.4819150e-001  1.1430056e+000
  7.5577432e-001  1.1718959e+000
  7.4150405e-001  1.1844500e+000
  7.4070134e-001  1.1994148e+000
  7.4636465e-001  1.1918960e+000
  7.4352718e-001  1.1437556e+000
  7.3533402e-001  1.1627586e+000
  9.3289356e-001  1.1940426e+000
  9.2471132e-001  1.2351519e+000
  9.3118194e-001  1.1569911e+000
  9.2011831e-001  1.2540286e+000
  9.2057874e-001  1.2456937e+000
  9.2563006e-001  1.3063555e+000
  9.1738568e-001  1.3922607e+000
  9.1721875e-001  1.4097473e+000
  9.1739251e-001  1.4376982e+000
  9.1810573e-001  1.4966539e+000
  9.1996248e-001  1.5521143e+000
  9.2915546e-001  1.5552141e+000
  9.1181455e-001  1.6690204e+000
  9.1240289e-001  1.6453557e+000
  9.1493319e-001  1.6735964e+000
  9.2888041e-001  1.7414004e+000
  9.3356467e-001  1.7178204e+000
  9.2223158e-001  1.7519585e+000
  9.1333468e-001  1.7600063e+000
  9.2122433e-001  1.7734890e+000
  9.2304720e-001  1.8217332e+000
  9.2088581e-001  1.8650729e+000
  9.2735997e-001  1.8476605e+000
  9.1422032e-001  1.8629351e+000
  9.1944190e-001  1.8084310e+000
  9.3006538e-001  1.8467419e+000
  9.3129183e-001  1.8327974e+000
  9.1878052e-001  1.8352928e+000
  9.1239039e-001  1.8675779e+000
  9.1673843e-001  1.8773975e+000
  9.3395076e-001  1.9241773e+000
  9.2410789e-001  1.8551852e+000
  9.2923398e-001  1.8541560e+000
  9.2369133e-001  1.9230950e+000
  9.1419539e-001  1.8873073e+000
  9.1869773e-001  1.8657188e+000
  9.3242330e-001  1.9414697e+000
  9.3222700e-001  1.8537858e+000
  9.1716926e-001  1.8686111e+000
  9.1794110e-001  1.9113297e+000
  9.2393389e-001  1.8782309e+000
  9.2395305e-001  1.9291358e+000
  9.1269132e-001  1.9194784e+000
  9.3345788e-001  1.8872359e+000
  9.2545480e-001  1.9471236e+000
  9.2023234e-001  1.8757349e+000
  9.1792832e-001  1.9450894e+000
  9.1749379e-001  1.8654034e+000
  9.3225492e-001  1.8877496e+000
  9.1980171e-001  1.9107158e+000
  9.2357665e-001  1.9040408e+000
  9.1704634e-001  1.9185047e+000
  9.3301108e-001  1.8832222e+000
  9.2192568e-001  1.9380939e+000
  9.2458660e-001  1.9035358e+000
  9.2842045e-001  1.8646399e+000
  9.3005605e-001  1.8723887e+000
  9.1326454e-001  1.9350025e+000
  9.3459373e-001  1.9182703e+000
  9.2414845e-001  1.9118648e+000
  9.2358056e-001  1.8632837e+000
  9.1304752e-001  1.8894858e+000
  9.3487491e-001  1.8996960e+000
  9.2991868e-001  1.9032843e+000
  9.2366145e-001  1.9389569e+000
  9.3079091e-001  1.9019642e+000
  9.3565164e-001  1.8808711e+000
  9.3137301e-001  1.9223017e+000
  9.3058540e-001  1.9280118e+000
  6.0282690e-001  1.9126581e+000
  6.1460814e-001  1.8597107e+000
  5.9842417e-001  1.9111434e+000
  6.0435000e-001  1.8358017e+000
  6.1478131e-001  1.7724230e+000
  5.9960143e-001  1.6687576e+000
  5.9688810e-001  1.6178984e+000
  6.1851957e-001  1.5809971e+000
  6.0634754e-001  1.4481343e+000
  6.0584917e-001  1.4207730e+000
  6.0309457e-001  1.3964170e+000
  6.0347973e-001  1.2849083e+000
  5.9657309e-001  1.2321395e+000
  5.9712434e-001  1.2433709e+000
  6.1345859e-001  1.1679280e+000
  5.9644491e-001  1.0875822e+000
  6.1638777e-001  1.1177119e+000
  6.1680946e-001  1.0437255e+000
  6.0281160e-001  9.9039308e-001
  6.0176593e-001  1.0235603e+000
  6.1885197e-001  9.7099225e-001
  6.1369764e-001  9.1630344e-001
  6.0375115e-001  9.8679397e-001
  6.0922412e-001  9.2899293e-001
  6.0376235e-001  9.5477521e-001
  6.1774808e-001  9.2630306e-001
  6.0136848e-001  9.0518137e-001
  6.0222221e-001  8.9555353e-001
  5.9517968e-001  8.5365909e-001
  6.0521737e-001  9.1211796e-001
  5.9693412e-001  8.9214085e-001
  5.9641064e-001  8.3892336e-001
  6.0264858e-001  8.8335926e-001
  6.1750897e-001  9.0381215e-001
  6.1277057e-001  8.7917620e-001
  6.0977901e-001  8.8410800e-001
  5.9924573e-001  8.5013787e-001
  6.0447933e-001  8.3350289e-001
  6.1597770e-001  8.6229384e-001
  6.1085477e-001  8.8403128e-001
  6.0465554e-001  8.8750814e-001
  6.0068464e-001  8.3659628e-001
  6.1231824e-001  8.2785644e-001
  6.1627966e-001  8.2270354e-001
  6.0519863e-001  8.7793924e-001
  6.1065161e-001  8.2289801e-001
  6.0364346e-001  8.6611063e-001
  6.0352325e-001  8.5532195e-001
  5.9696722e-001  8.8239204e-001
  5.9918931e-001  8.3242049e-001
  6.0800324e-001  8.2773130e-001
  6.0878961e-001  8.2668683e-001
  6.0738713e-001  8.4871533e-001
  6.0161850e-001  8.6242512e-001
  6.0726381e-001  8.1988186e-001
  6.0244577e-001  8.6190635e-001
  6.1433793e-001  8.3764169e-001
  5.9903849e-001  8.5333354e-001
  6.0209494e-001  8.7379790e-001
  6.0943178e-001  8.8218414e-001
  6.1551550e-001  8.7738290e-001
  6.1856142e-001  8.5433077e-001
  6.0337553e-001  8.8437991e-001
  6.0457825e-001  8.3440227e-001
  6.1589150e-001  8.6272314e-001
  6.1557742e-001  8.2238719e-001
  5.9756162e-001  8.1525570e-001
  6.1172206e-001  8.5615313e-001
  6.0630923e-001  8.5177026e-001
 -7.2909979e-001  8.1396232e-001
 -7.3098406e-001  8.1229891e-001
 -7.3242236e-001  7.4970127e-001
 -7.3216082e-001  4.9957121e-001
 -7.3553352e-001  2.4071092e-001
 -7.4716139e-001 -1.1377985e-001
 -7.4437215e-001 -4.0878916e-001
 -7.3435026e-001 -7.1975567e-001
 -7.3608334e-001 -9.5303692e-001
 -7.3942150e-001 -1.2590600e+000
 -7.4079548e-001 -1.5059902e+000
 -7.4003517e-001 -1.7166374e+000
 -7.3621425e-001 -2.0210862e+000
 -7.4768612e-001 -2.1847478e+000
 -7.5018214e-001 -2.3635784e+000
 -7.5064653e-001 -2.5778397e+000
 -7.5131501e-001 -2.6769654e+000
 -7.3243707e-001 -2.7644613e+000
 -7.4711896e-001 -2.9414416e+000
 -7.3107018e-001 -3.0246769e+000
 -7.4910422e-001 -3.1134973e+000
 -7.3871008e-001 -3.2207384e+000
 -7.4402330e-001 -3.2362282e+000
 -7.4595419e-001 -3.2992649e+000
 -7.2928792e-001 -3.3348054e+000
 -7.3902225e-001 -3.4397354e+000
 -7.4728516e-001 -3.4381623e+000
 -7.3957189e-001 -3.5364538e+000
 -7.4455952e-001 -3.4706802e+000
 -7.3143158e-001 -3.5679102e+000
 -7.3471870e-001 -3.5433099e+000
 -7.2989419e-001 -3.6095671e+000
 -7.4567125e-001 -3.6223202e+000
 -7.3560575e-001 -3.6536116e+000
 -7.3004677e-001 -3.6605744e+000
 -7.4189202e-001 -3.6180743e+000
 -7.3992026e-001 -3.6095294e+000
 -7.4189428e-001 -3.6791194e+000
 -7.4919945e-001 -3.6498223e+000
 -7.4348231e-001 -3.6525820e+000
 -7.4086486e-001 -3.6922658e+000
 -7.3820281e-001 -3.7003522e+000
 -7.5039445e-001 -3.6532319e+000
 -7.4227176e-001 -3.7205646e+000
 -7.3542485e-001 -3.6560261e+000
 -7.3630139e-001 -3.6779773e+000
 -7.3392802e-001 -3.7242442e+000
 -7.3302405e-001 -3.7314944e+000
 -7.2826369e-001 -3.6667430e+000
 -7.3344704e-001 -3.6962590e+000
 -7.4502461e-001 -3.6768022e+000
 -7.4675737e-001 -3.6653836e+000
 -7.4743227e-001 -3.6817676e+000
 -7.3225557e-001 -3.7118468e+000
 -7.4046282e-001 -3.6758671e+000
 -7.5003683e-001 -3.7090038e+000
 -7.3757048e-001 -3.7513172e+000
 -7.4960812e-001 -3.6620903e+000
 -7.4477205e-001 -3.7532003e+000
 -7.5108878e-001 -3.6995819e+000
 -7.4256588e-001 -3.6840438e+000
 -7.4132126e-001 -3.7244269e+000
 -7.3814118e-001 -3.7525382e+000
 -7.4893301e-001 -3.7466319e+000
 -7.3077175e-001 -3.6827559e+000
 -7.4301601e-001 -3.6906036e+000
 -7.3385985e-001 -3.7007936e+000
 -7.4166753e-001 -3.7122749e+000
 -7.4385226e-001 -3.7354838e+000
 -2.0307640e-001 -3.7070009e+000
 -1.9837418e-001 -3.6938094e+000
 -1.9766718e-001 -3.5804506e+000
 -2.1283210e-001 -3.4185398e+000
 -2.1041792e-001 -3.3152679e+000
 -2.0553879e-001 -3.0758468e+000
 -1.9603688e-001 -2.8616551e+000
 -2.0592442e-001 -2.5933158e+000
 -2.0338635e-001 -2.3972397e+000
 -2.0533456e-001 -2.2760395e+000
 -1.9439809e-001 -2.0224064e+000
 -2.0920133e-001 -1.8798029e+000
 -2.0425763e-001 -1.6903958e+000
 -2.0029733e-001 -1.5776967e+000
 -1.9528428e-001 -1.4583183e+000
 -2.0276793e-001 -1.3742900e+000
 -1.9629274e-001 -1.2008333e+000
 -2.1024329e-001 -1.1579498e+000
 -1.9245797e-001 -1.1126798e+000
 -1.9417490e-001 -9.9158628e-001
 -2.1265038e-001 -9.5780475e-001
 -2.0305770e-001 -8.9442545e-001
 -1.9098997e-001 -7.8666666e-001
 -1.8959195e-001 -8.2840798e-001
 -1.9298583e-001 -7.7238027e-001
 -2.0948038e-001 -7.0582830e-001
 -2.0868890e-001 -7.1889974e-001
 -2.1079558e-001 -6.2361500e-001
 -1.9875677e-001 -6.6958521e-001
 -2.1007335e-001 -6.6922396e-001
 -2.0555247e-001 -5.9265894e-001
 -1.8898937e-001 -6.4639972e-001
 -1.9451757e-001 -5.8820566e-001
 -1.9168313e-001 -5.3876409e-001
 -1.9307209e-001 -6.0830764e-001
 -1.9370304e-001 -5.8188757e-001
 -2.0390958e-001 -5.5316014e-001
 -2.1283401e-001 -5.4449405e-001
 -2.0220064e-001 -5.8178205e-001
 -2.0512863e-001 -5.6163693e-001
 -2.0497143e-001 -5.7891344e-001
 -2.1156045e-001 -5.8257953e-001
 -2.0390134e-001 -5.0428217e-001
 -2.0409882e-001 -5.4406213e-001
 -1.8915409e-001 -5.5068806e-001
 -2.0129201e-001 -4.9349973e-001
 -2.0327117e-001 -5.3133347e-001
 -2.1224414e-001 -5.5582196e-001
 -1.9052919e-001 -5.2666907e-001
 -2.0483227e-001 -5.4011193e-001
 -2.0892139e-001 -5.6932637e-001
 -1.9239275e-001 -4.7436415e-001
 -2.0995392e-001 -5.0672973e-001
 -2.0877246e-001 -5.1620449e-001
 -1.9353931e-001 -5.2602347e-001
 -2.0952156e-001 -5.6551951e-001
 -1.9177328e-001 -5.3250567e-001
 -1.9243511e-001 -4.7815448e-001
 -1.9777416e-001 -5.3388043e-001
 -2.0822677e-001 -5.2177045e-001
 -2.0795810e-001 -5.3274169e-001
 -1.9357910e-001 -4.8574522e-001
 -1.9813737e-001 -5.3148224e-001
 -1.9750745e-001 -5.2898686e-001
 -2.0364411e-001 -5.2873692e-001
 -2.0751156e-001 -4.9552251e-001
 -2.0173618e-001 -4.9727436e-001
 -1.9284027e-001 -5.2641148e-001
 -2.0015694e-001 -4.7407727e-001
  1.1340276e-001 -4.9971957e-001
  1.1496306e-001 -5.1237754e-001
  1.3059912e-001 -5.1924299e-001
  1.3351863e-001 -4.8211154e-001
  1.1863724e-001 -3.7929947e-001
  1.2865935e-001 -3.3717590e-001
  1.1273292e-001 -3.2334640e-001
  1.1602128e-001 -2.4674668e-001
  1.1223837e-001 -2.1767241e-001
  1.3440799e-001 -1.5402139e-001
  1.2392886e-001 -1.6669367e-001
  1.2062487e-001 -1.3704447e-001
  1.3268454e-001 -3.6059440e-002
  1.2743712e-001 -5.4989456e-002
  1.2988544e-001 -2.5377836e-002
  1.1248577e-001  1.4602110e-003
  1.2005689e-001  4.2496109e-002
  1.1670359e-001  3.9332211e-002
  1.1988684e-001  3.5371198e-002
  1.2632071e-001  1.2352238e-001
  1.3312452e-001  6.3290229e-002
  1.3166960e-001  1.5827070e-001
  1.2675377e-001  1.1567932e-001
  1.1650870e-001  1.7333550e-001
  1.1291418e-001  1.0449746e-001
  1.1218535e-001  1.5208326e-001
  1.1770451e-001  1.9321178e-001
  1.1557674e-001  2.0845744e-001
  1.1317041e-001  1.9180673e-001
  1.1875456e-001  2.2195161e-001
  1.2878845e-001  1.9081686e-001
  1.2950113e-001  1.8740636e-001
  1.3064531e-001  2.1644665e-001
  1.3249166e-001  1.9460731e-001
  1.2354100e-001  1.4657802e-001
  1.3479519e-001  1.9596284e-001
  1.2764310e-001  1.5784267e-001
  1.1473591e-001  2.0910940e-001
  1.2937231e-001  1.9852676e-001
  1.3524769e-001  1.8332673e-001
  1.1510130e-001  2.3206406e-001
  1.1605224e-001  1.7019061e-001
  1.2924503e-001  1.7518932e-001
  1.1924330e-001  1.9144681e-001
  1.1987564e-001  1.7867694e-001
  1.3072596e-001  2.5225996e-001
  1.1363392e-001  2.1728017e-001
  1.1814411e-001  2.1745019e-001
  1.2024111e-001  1.6180917e-001
  1.1886165e-001  2.3580315e-001
  1.3219821e-001  1.6881567e-001
  1.1268706e-001  1.8304758e-001
  1.2416698e-001  2.1970729e-001
  1.2923132e-001  2.3792815e-001
  1.2457169e-001  1.9454720e-001
  1.2130193e-001  1.8675053e-001
  1.3269560e-001  1.7031018e-001
  1.3161786e-001  2.3210416e-001
  1.1168561e-001  2.3623139e-001
  1.1403909e-001  2.4028569e-001
  1.2644241e-001  1.9283439e-001
  1.1439731e-001  1.9363846e-001
  1.1437472e-001  2.1731408e-001
  1.3493059e-001  1.9088351e-001
  1.3490735e-001  1.7926758e-001
  1.1595290e-001  2.2001112e-001
  1.1769351e-001  1.7912914e-001
  1.2892821e-001  2.1000571e-001
  1.2372267e-001  1.7841368e-001
 -1.2092567e-001  1.8974685e-001
 -1.1923970e-001  2.5429761e-001
 -1.2456023e-001  1.5527517e-001
 -1.3717202e-001  1.8481427e-001
 -1.2911845e-001  1.0079073e-001
 -1.2346076e-001  8.9310815e-002
 -1.3704362e-001  4.1649205e-002
 -1.4069704e-001  7.4937679e-002
 -1.2647791e-001 -2.8008615e-003
 -1.3253975e-001 -6.0225600e-002
 -1.2277302e-001 -7.5461667e-002
 -1.2443080e-001 -6.3662589e-002
 -1.1908204e-001 -8.4265386e-002
 -1.2872617e-001 -1.6045366e-001
 -1.4151920e-001 -1.6240777e-001
 -1.2717845e-001 -1.6974893e-001
 -1.2860798e-001 -2.1116963e-001
 -1.2749830e-001 -1.9475428e-001
 -1.2873369e-001 -2.3839592e-001
 -1.4066622e-001 -2.6241763e-001
 -1.2406352e-001 -2.1321082e-001
 -1.2933941e-001 -2.6655724e-001
 -1.2605339e-001 -2.8415943e-001
 -1.3144521e-001 -2.3426774e-001
 -1.3158956e-001 -2.8167099e-001
 -1.2675328e-001 -2.8254494e-001
 -1.1934270e-001 -2.6579082e-001
 -1.2619268e-001 -2.4428156e-001
 -1.2773551e-001 -2.3855411e-001
 -1.3949826e-001 -3.0418206e-001
 -1.3199062e-001 -3.1321249e-001
 -1.4295900e-001 -2.5783446e-001
 -1.3590355e-001 -2.9886192e-001
 -1.4090799e-001 -2.4778352e-001
 -1.2706372e-001 -3.4737743e-001
 -1.1973533e-001 -3.4211552e-001
 -1.4127074e-001 -3.4639880e-001
 -1.2822958e-001 -2.6129335e-001
 -1.3465902e-001 -2.6699982e-001
 -1.3461025e-001 -3.1025746e-001
 -1.2224172e-001 -2.8467382e-001
 -1.2228568e-001 -3.0592726e-001
 -1.3975883e-001 -3.2756302e-001
 -1.3348561e-001 -3.4257394e-001
 -1.3209676e-001 -2.6288468e-001
 -1.3025162e-001 -3.1024326e-001
 -1.2139815e-001 -3.3029023e-001
 -1.3241418e-001 -2.8552430e-001
 -1.3015674e-001 -3.4320297e-001
 -1.2224354e-001 -3.5484140e-001
 -1.2036132e-001 -3.1963777e-001
 -1.1987724e-001 -2.6682104e-001
 -1.2991777e-001 -2.6007921e-001
 -1.2012723e-001 -2.5935093e-001
 -1.3708747e-001 -3.4117255e-001
 -1.3338276e-001 -3.1284441e-001
 -1.3246475e-001 -2.7272396e-001
 -1.2433601e-001 -3.4869627e-001
 -1.2940547e-001 -3.1310032e-001
 -1.2660547e-001 -2.6353833e-001
 -1.3684538e-001 -3.4754858e-001
 -1.3698056e-001 -2.7675072e-001
 -1.3432961e-001 -2.9601929e-001
 -1.2775665e-001 -2.6434218e-001
 -1.3758401e-001 -3.0964381e-001
 -1.2536168e-001 -3.1551254e-001
 -1.3956434e-001 -3.0798213e-001
 -1.3945930e-001 -3.0891594e-001
 -1.3536713e-001 -3.1409334e-001
 -6.9958379e-001 -3.1072970e-001
 -6.8308706e-001 -3.1021410e-001
 -6.9856353e-001 -3.7155920e-001
 -7.0016905e-001 -5.0205597e-001
 -7.0240382e-001 -6.7870756e-001
 -7.0492152e-001 -9.0418888e-001
 -6.9598957e-001 -1.0778511e+000
 -6.9812938e-001 -1.3542074e+000
 -6.8523273e-001 -1.5445620e+000
 -6.9730726e-001 -1.6917354e+000
 -7.0357829e-001 -1.8829347e+000
 -6.9172289e-001 -2.0336163e+000
 -7.0617191e-001 -2.1951741e+000
 -6.8343037e-001 -2.2701749e+000
 -6.9651857e-001 -2.4037955e+000
 -6.8825600e-001 -2.5368184e+000
 -6.9401784e-001 -2.6565362e+000
 -6.8692408e-001 -2.6722496e+000
 -7.0175356e-001 -2.8105568e+000
 -6.9170504e-001 -2.8100954e+000
 -6.8783395e-001 -2.9049429e+000
 -6.8530788e-001 -2.9760254e+000
 -6.9827540e-001 -3.0290949e+000
 -6.8349227e-001 -3.0731374e+000
 -6.9560301e-001 -3.0600103e+000
 -7.0328591e-001 -3.0748897e+000
 -7.0165485e-001 -3.1524875e+000
 -6.9502484e-001 -3.1484024e+000
 -6.9649908e-001 -3.1500432e+000
 -7.0170106e-001 -3.2306271e+000
 -6.9641327e-001 -3.1865919e+000
 -6.9477702e-001 -3.2596975e+000
 -6.9335130e-001 -3.2507019e+000
 -7.0450986e-001 -3.2134403e+000
 -6.9718261e-001 -3.2922188e+000
 -6.8720235e-001 -3.2525854e+000
 -6.9412632e-001 -3.2955344e+000
 -6.8610209e-001 -3.2400229e+000
 -6.8404270e-001 -3.3052692e+000
 -6.9638526e-001 -3.2677895e+000
 -7.0586505e-001 -3.3321429e+000
 -6.9453050e-001 -3.3325534e+000
 -7.0116695e-001 -3.2849192e+000
 -6.9827545e-001 -3.2937079e+000
 -7.0223298e-001 -3.2612829e+000
 -6.8426086e-001 -3.2989770e+000
 -6.8639836e-001 -3.3396454e+000
 -6.9003703e-001 -3.2574844e+000
 -6.9361712e-001 -3.2918788e+000
 -6.8486158e-001 -3.3372195e+000
 -6.8944736e-001 -3.3203132e+000
 -6.9594204e-001 -3.2753392e+000
 -6.9212296e-001 -3.3359579e+000
 -6.8887229e-001 -3.3506611e+000
 -7.0324735e-001 -3.3183033e+000
 -6.9471000e-001 -3.3512812e+000
 -6.8427593e-001 -3.3217668e+000
 -6.9229502e-001 -3.3301702e+000
 -7.0488853e-001 -3.2717633e+000
 -7.0123569e-001 -3.3126667e+000
 -6.8951345e-001 -3.3275492e+000
 -7.0635425e-001 -3.2810423e+000
 -7.0656532e-001 -3.2674376e+000
 -7.0552393e-001 -3.3610593e+000
 -6.8866623e-001 -3.3315546e+000
 -6.9288274e-001 -3.3609377e+000
 -6.8451487e-001 -3.3023773e+000
 -6.8690538e-001 -3.3447706e+000
 -6.8684962e-001 -3.2694008e+000
  6.2063202e-001 -3.3098611e+000
  6.2701468e-001 -3.3601307e+000
  6.1688846e-001 -3.1896628e+000
  6.3259374e-001 -3.0310905e+000
  6.1496081e-001 -2.7451564e+000
  6.1221539e-001 -2.5044818e+000
  6.2019216e-001 -2.1878006e+000
  6.3585726e-001 -1.9204367e+000
  6.1833795e-001 -1.6037607e+000
  6.2279234e-001 -1.4144553e+000
  6.3586049e-001 -1.1160352e+000
  6.1866912e-001 -8.9021936e-001
  6.2276785e-001 -7.1876644e-001
  6.2861311e-001 -5.3800930e-001
  6.2897714e-001 -3.6050762e-001
  6.3042919e-001 -1.9601038e-001
  6.2120356e-001 -6.7336124e-002
  6.1483036e-001  8.0919110e-002
  6.1437692e-001  1.3392903e-001
  6.1453490e-001  2.0327794e-001
  6.1798566e-001  3.5984572e-001
  6.1769170e-001  4.3252056e-001
  6.1637994e-001  5.0246052e-001
  6.1875356e-001  5.3172722e-001
  6.2592701e-001  5.4079870e-001
  6.2267806e-001  5.8167381e-001
  6.3456214e-001  6.5773395e-001
  6.1767437e-001  6.7424752e-001
  6.3446522e-001  6.6710068e-001
  6.2818861e-001  7.5841636e-001
  6.2912034e-001  7.4377510e-001
  6.3531557e-001  7.4658851e-001
  6.2508691e-001  7.4863977e-001
  6.3380309e-001  8.3196381e-001
  6.1545963e-001  8.2715960e-001
  6.2414593e-001  7.7687039e-001
  6.2784498e-001  7.7522618e-001
  6.1634985e-001  8.6079680e-001
  6.2047781e-001  8.2052769e-001
  6.1310272e-001  8.2836059e-001
  6.3273814e-001  8.7734890e-001
  6.2621367e-001  8.9575077e-001
  6.3115801e-001  8.8353257e-001
  6.3534392e-001  8.4473065e-001
  6.2415693e-001  8.2630327e-001
  6.1466658e-001  8.4484127e-001
  6.2147052e-001  8.6345198e-001
  6.2938596e-001  8.4312151e-001
  6.2649817e-001  8.5574438e-001
  6.1960072e-001  8.3540470e-001
  6.1995520e-001  9.0790827e-001
  6.2137581e-001  8.1955567e-001
  6.2106567e-001  8.2954345e-001
  6.1850243e-001  8.2000281e-001
  6.1263981e-001  8.9136501e-001
  6.1566210e-001  8.8177252e-001
  6.1489590e-001  8.2442242e-001
  6.3251969e-001  9.1144684e-001
  6.2824985e-001  9.1279978e-001
  6.1832234e-001  8.9371153e-001
  6.2346477e-001  9.0388911e-001
  6.3512581e-001  8.8978852e-001
  6.3052524e-001  8.5007948e-001
  6.1914035e-001  8.3026699e-001
  6.2259995e-001  8.2113960e-001
  6.2300791e-001  9.0633079e-001
  6.3479770e-001  8.6441515e-001
  6.2403932e-001  8.6742908e-001
  6.1864421e-001  8.8082499e-001
 -9.3260249e-001  8.4380689e-001
 -9.3516752e-001  8.8077498e-001
 -9.3711767e-001  6.8225753e-001
 -9.4317282e-001  3.3534362e-001
 -9.3948969e-001 -6.6525546e-003
 -9.3099768e-001 -3.9822655e-001
 -9.2419513e-001 -8.3244446e-001
 -9.2458934e-001 -1.3246604e+000
 -9.3680979e-001 -1.7207000e+000
 -9.3512494e-001 -2.1935295e+000
 -9.3769022e-001 -2.5066739e+000
 -9.3700171e-001 -2.8735312e+000
 -9.3582928e-001 -3.2001950e+000
 -9.2603162e-001 -3.4832586e+000
 -9.3826793e-001 -3.7133862e+000
 -9.4596212e-001 -3.9824265e+000
 -9.2687925e-001 -4.2301086e+000
 -9.2604040e-001 -4.3409593e+000
 -9.2725577e-001 -4.5320775e+000
 -9.4493080e-001 -4.6842343e+000
 -9.4217664e-001 -4.8323124e+000
 -9.2901813e-001 -4.9120767e+000
 -9.4443921e-001 -5.0155778e+000
 -9.4221831e-001 -5.1198591e+000
 -9.4288938e-001 -5.1501646e+000
 -9.2967092e-001 -5.2729230e+000
 -9.3449357e-001 -5.2637288e+000
 -9.3686707e-001 -5.3438219e+000
 -9.3106876e-001 -5.3571245e+000
 -9.2856842e-001 -5.4582068e+000
 -9.2542460e-001 -5.5071685e+000
 -9.2935644e-001 -5.4902581e+000
 -9.2786154e-001 -5.5482883e+000
 -9.3239635e-001 -5.4994954e+000
 -9.3799830e-001 -5.5866247e+000
 -9.3825585e-001 -5.6069656e+000
 -9.3899125e-001 -5.6305795e+000
 -9.2477025e-001 -5.5850589e+000
 -9.4529542e-001 -5.6447848e+000
 -9.3665706e-001 -5.6420038e+000
 -9.3586211e-001 -5.6231341e+000
 -9.3337709e-001 -5.6518356e+000
 -9.3224885e-001 -5.6630472e+000
 -9.2598033e-001 -5.6208699e+000
 -9.3914582e-001 -5.6383679e+000
 -9.3517700e-001 -5.6766794e+000
 -9.2441248e-001 -5.6602216e+000
 -9.3849913e-001 -5.6555660e+000
 -9.3076209e-001 -5.7009559e+000
 -9.2507227e-001 -5.6949878e+000
 -9.4585407e-001 -5.6351962e+000
 -9.3232354e-001 -5.7138174e+000
 -9.4509051e-001 -5.6441673e+000
 -9.4625102e-001 -5.6712438e+000
 -9.3446388e-001 -5.7068481e+000
 -9.4204333e-001 -5.6982259e+000
 -9.3998049e-001 -5.6400115e+000
 -9.4406397e-001 -5.7009688e+000
 -9.3284094e-001 -5.6273381e+000
 -9.3731389e-001 -5.6947349e+000
 -9.3406820e-001 -5.7103020e+000
 -9.4151602e-001 -5.6389198e+000
 -9.3309613e-001 -5.7071995e+000
 -9.4580465e-001 -5.6457888e+000
 -9.4094812e-001 -5.6363754e+000
 -9.4106480e-001 -5.6931332e+000
 -9.4025038e-001 -5.6607270e+000
 -9.2260491e-001 -5.6869455e+000
 -9.3863902e-001 -5.6408168e+000
  6.6331642e-001 -5.6784075e+000
  6.6768175e-001 -5.6357639e+000
  6.7094781e-001 -5.4802694e+000
  6.7874103e-001 -5.1562947e+000
  6.8032169e-001 -4.7771551e+000
  6.6666691e-001 -4.3316397e+000
  6.6980176e-001 -3.8642180e+000
  6.6040472e-001 -3.4618569e+000
  6.7847943e-001 -2.9952071e+000
  6.7733293e-001 -2.6506722e+000
  6.8091869e-001 -2.2284357e+000
  6.6947491e-001 -1.8798505e+000
  6.7987789e-001 -1.5720520e+000
  6.6616118e-001 -1.2611494e+000
  6.8064471e-001 -9.3274630e-001
  6.6486554e-001 -7.1159404e-001
  6.6836457e-001 -5.7912623e-001
  6.6250453e-001 -2.9380489e-001
  6.5971332e-001 -1.7594881e-001
  6.7908916e-001  6.2851220e-004
  6.6563895e-001  1.3762254e-001
  6.6575448e-001  1.8013152e-001
  6.8009271e-001  3.2459005e-001
  6.6008168e-001  4.0050058e-001
  6.6110373e-001  4.7599464e-001
  6.7390404e-001  5.8889484e-001
  6.8338709e-001  5.5918531e-001
  6.7532565e-001  6.7502975e-001
  6.6472242e-001  7.0504644e-001
  6.7207796e-001  6.9438225e-001
  6.6636301e-001  7.8980887e-001
  6.6582919e-001  7.7372153e-001
  6.7543616e-001  8.2604999e-001
  6.8120019e-001  8.2945826e-001
  6.7473086e-001  8.9559037e-001
  6.6351548e-001  9.1830281e-001
  6.6685851e-001  8.7472708e-001
  6.7835334e-001  9.0650746e-001
  6.7903791e-001  9.3800460e-001
  6.7023141e-001  8.9742738e-001
  6.7161363e-001  9.5093003e-001
  6.8311347e-001  9.5977555e-001
  6.6827476e-001  9.8196821e-001
  6.7946203e-001  9.3200719e-001
  6.6824794e-001  9.2704663e-001
  6.7681306e-001  9.9755842e-001
  6.6648429e-001  9.7810407e-001
  6.6261684e-001  9.5178230e-001
  6.7172198e-001  9.3658804e-001
  6.6804834e-001  1.0157726e+000
  6.7260921e-001  9.9940515e-001
  6.7517590e-001  9.4958774e-001
  6.7592725e-001  9.8537424e-001
  6.7143854e-001  9.9118702e-001
  6.8069513e-001  1.0144748e+000
  6.6756237e-001  9.4062527e-001
  6.6826008e-001  9.4235369e-001
  6.7065279e-001  9.9899725e-001
  6.5969050e-001  9.7687067e-001
  6.6502406e-001  1.0082755e+000
  6.8154688e-001  9.9189313e-001
  6.6343671e-001  9.7145052e-001
  6.6128405e-001  1.0170964e+000
  6.8037930e-001  9.6847618e-001
  6.7208964e-001  9.5140404e-001
  6.6593698e-001  9.4228655e-001
  6.8163016e-001  9.9549430e-001
  6.7340754e-001  9.5530193e-001
  6.6433510e-001  9.6426575e-001
 -6.0472980e-002  1.0056836e+000
 -4.5863802e-002  9.8463301e-001
 -5.6829448e-002  9.0004131e-001
 -4.3219575e-002  9.2398033e-001
 -4.3761205e-002  8.2216230e-001
 -4.7112480e-002  7.1008429e-001
 -5.8080667e-002  7.1066765e-001
 -6.2065719e-002  6.0625397e-001
 -6.4922003e-002  5.7348647e-001
 -4.5635835e-002  4.7195397e-001
 -6.1359660e-002  3.9339232e-001
 -4.3381663e-002  3.2157621e-001
 -4.4259985e-002  2.5498690e-001
 -5.0923969e-002  2.4144761e-001
 -5.1573360e-002  2.3568536e-001
 -6.4506173e-002  1.4233552e-001
 -5.5236206e-002  8.5889215e-002
 -5.4870388e-002  8.4226817e-002
 -5.6977325e-002  3.2494063e-002
 -4.4714285e-002  6.1272630e-004
 -6.1635259e-002  2.6114269e-002
 -5.4391728e-002  7.6329893e-003
 -4.5515317e-002  3.3095171e-002
 -6.2527000e-002  2.0498330e-002
 -5.5074862e-002 -5.8363928e-002
 -4.5646274e-002 -4.2457803e-002
 -5.8540797e-002 -4.2263458e-002
 -6.3644342e-002 -1.8665273e-002
 -6.3713578e-002 -6.7325301e-002
 -5.2276860e-002 -4.4174846e-002
 -4.4405951e-002 -1.0809010e-001
 -4.4865754e-002 -1.0353452e-001
 -6.2637346e-002 -1.1287611e-001
 -4.9512459e-002 -9.2902097e-002
 -4.7138021e-002 -1.1796892e-001
 -4.7716650e-002 -1.1137655e-001
 -5.4878351e-002 -6.0241337e-002
 -4.6159193e-002 -1.2591998e-001
 -5.6896994e-002 -5.9664750e-002
 -5.6084456e-002 -1.0106854e-001
 -4.6790466e-002 -1.4406195e-001
 -4.6047449e-002 -1.4413088e-001
 -6.0085715e-002 -6.4896491e-002
 -6.5131687e-002 -1.3852945e-001
 -6.1469138e-002 -1.4795483e-001
 -5.9721223e-002 -1.0097189e-001
 -6.1872323e-002 -1.1454817e-001
 -5.7354059e-002 -9.0882802e-002
 -4.3497464e-002 -1.0632682e-001
 -5.8412408e-002 -1.4717326e-001
 -4.8356880e-002 -1.5104915e-001
 -5.8560379e-002 -8.2300492e-002
 -4.7914709e-002 -1.2050829e-001
 -5.0035010e-002 -1.2377726e-001
 -4.4064876e-002 -1.1830206e-001
 -5.3721836e-002 -6.6216537e-002
 -5.5406550e-002 -6.6972067e-002
 -4.5300503e-002 -1.4426269e-001
 -4.8109414e-002 -7.7792879e-002
 -5.4451459e-002 -1.5786123e-001
 -6.0783581e-002 -9.3315484e-002
 -6.5145796e-002 -1.1122907e-001
 -5.8095393e-002 -1.2671723e-001
 -5.1143279e-002 -1.5543559e-001
 -6.1719469e-002 -1.4282156e-001
 -5.3631530e-002 -7.1001118e-002
 -5.0125617e-002 -7.7223938e-002
 -5.3377987e-002 -6.6737378e-002
 -4.9730288e-002 -1.3951272e-001
 -4.2008902e-001 -1.1197366e-001
 -4.1107101e-001 -7.6071823e-002
 -4.0712525e-001 -1.9130461e-001
 -4.1826438e-001 -2.5751811e-001
 -4.2680800e-001 -2.4683304e-001
 -4.1394260e-001 -3.6874873e-001
 -4.1189188e-001 -4.3365960e-001
 -4.0878637e-001 -5.4674926e-001
 -4.2501966e-001 -6.3811114e-001
 -4.1027943e-001 -7.0411284e-001
 -4.1890983e-001 -7.9279001e-001
 -4.2187204e-001 -8.5288342e-001
 -4.2263883e-001 -9.7294494e-001
 -4.1646222e-001 -9.7077795e-001
 -4.0541462e-001 -1.0539480e+000
 -4.0673023e-001 -1.0758923e+000
 -4.2023514e-001 -1.1139840e+000
 -4.2660037e-001 -1.1587025e+000
 -4.1471265e-001 -1.1649861e+000
 -4.1226782e-001 -1.2490655e+000
 -4.0697788e-001 -1.2767811e+000
 -4.1678019e-001 -1.2395621e+000
 -4.2155976e-001 -1.2749971e+000
 -4.2792500e-001 -1.3428779e+000
 -4.1928597e-001 -1.3721125e+000
 -4.2213290e-001 -1.3135586e+000
 -4.2657761e-001 -1.3866863e+000
 -4.1519432e-001 -1.3758075e+000
 -4.1790860e-001 -1.3716786e+000
 -4.1141743e-001 -1.4318128e+000
 -4.2127782e-001 -1.3833409e+000
 -4.0944368e-001 -1.3676059e+000
 -4.1343199e-001 -1.4530379e+000
 -4.2007524e-001 -1.4039019e+000
 -4.2060857e-001 -1.3703459e+000
 -4.2909107e-001 -1.3758621e+000
 -4.1922089e-001 -1.4562386e+000
 -4.1403735e-001 -1.4247489e+000
 -4.1942561e-001 -1.4710408e+000
 -4.2433554e-001 -1.3823694e+000
 -4.1290933e-001 -1.4728484e+000
 -4.2420741e-001 -1.4356176e+000
 -4.1305505e-001 -1.3883387e+000
 -4.2000758e-001 -1.4412544e+000
 -4.0616086e-001 -1.3928153e+000
 -4.2842700e-001 -1.4324448e+000
 -4.0788986e-001 -1.4703905e+000
 -4.2483242e-001 -1.4336769e+000
 -4.2044376e-001 -1.3936609e+000
 -4.1222264e-001 -1.4003190e+000
 -4.1901343e-001 -1.4191497e+000
 -4.2328081e-001 -1.4285688e+000
 -4.2691131e-001 -1.4732189e+000
 -4.1845066e-001 -1.3858122e+000
 -4.1997182e-001 -1.4243217e+000
 -4.1844891e-001 -1.4524710e+000
 -4.2653974e-001 -1.4349241e+000
 -4.1733797e-001 -1.3973974e+000
 -4.2606032e-001 -1.4600505e+000
 -4.2933818e-001 -1.4153563e+000
 -4.1636722e-001 -1.4070676e+000
 -4.1610330e-001 -1.4067581e+000
 -4.2562030e-001 -1.4452310e+000
 -4.0829319e-001 -1.4366402e+000
 -4.1367991e-001 -1.3993845e+000
 -4.1541387e-001 -1.4064351e+000
 -4.2351608e-001 -1.4087488e+000
 -4.2175761e-001 -1.3940010e+000
 -4.1850942e-001 -1.4530348e+000
 -1.8436506e-001 -1.4267669e+000
 -1.8615731e-001 -1.4134653e+000
 -1.7807499e-001 -1.4441550e+000
 -1.7915389e-001 -1.3662690e+000
 -1.9177847e-001 -1.3078591e+000
 -1.8851913e-001 -1.1917669e+000
 -1.8966252e-001 -1.2092724e+000
 -1.8927415e-001 -1.1132094e+000
 -1.7505891e-001 -1.0521339e+000
 -1.8100918e-001 -1.0295180e+000
 -1.7187811e-001 -9.5575708e-001
 -1.6996667e-001 -8.9952169e-001
 -1.8747091e-001 -8.4019381e-001
 -1.9170697e-001 -8.0972026e-001
 -1.7691665e-001 -7.4504215e-001
 -1.7317941e-001 -6.9021925e-001
 -1.7149964e-001 -7.0307823e-001
 -1.9081163e-001 -6.7108722e-001
 -1.8884603e-001 -5.9324525e-001
 -1.8153184e-001 -5.9410013e-001
 -1.8091565e-001 -6.1324267e-001
 -1.9190887e-001 -5.8280568e-001
 -1.8046523e-001 -5.3293543e-001
 -1.7335219e-001 -5.1967973e-001
 -1.8233052e-001 -4.8530490e-001
 -1.7151024e-001 -4.8746045e-001
 -1.7812540e-001 -5.4246951e-001
 -1.7678181e-001 -4.5332101e-001
 -1.8342026e-001 -5.1279503e-001
 -1.8268598e-001 -4.9394849e-001
 -1.7617206e-001 -4.7430774e-001
 -1.9060730e-001 -4.6282748e-001
 -1.8353694e-001 -4.6945678e-001
 -1.7057214e-001 -4.2891075e-001
 -1.8356799e-001 -4.2032051e-001
 -1.8927408e-001 -4.6632155e-001
 -1.7061171e-001 -4.3276927e-001
 -1.7867477e-001 -4.1850101e-001
 -1.8535101e-001 -4.4687243e-001
 -1.8730127e-001 -4.1110842e-001
 -1.8346788e-001 -4.7740074e-001
 -1.7045662e-001 -4.8740302e-001
 -1.7155273e-001 -4.9672331e-001
 -1.8975904e-001 -4.3924144e-001
 -1.7432752e-001 -4.2994459e-001
 -1.7450385e-001 -4.7441173e-001
 -1.8028941e-001 -4.9889797e-001
 -1.7683890e-001 -4.5356682e-001
 -1.9060079e-001 -4.8047403e-001
 -1.9243999e-001 -4.9811711e-001
 -1.8393562e-001 -4.1687853e-001
 -1.7114344e-001 -4.3622775e-001
 -1.8151655e-001 -4.2167484e-001
 -1.8614277e-001 -4.0962207e-001
 -1.6971713e-001 -4.0990307e-001
 -1.8296291e-001 -4.5013088e-001
 -1.8443249e-001 -4.1022231e-001
 -1.8740438e-001 -5.0304402e-001
 -1.8176922e-001 -4.4104124e-001
 -1.8340356e-001 -4.0784384e-001
 -1.7739755e-001 -4.4592321e-001
 -1.7470438e-001 -4.1647711e-001
 -1.8544552e-001 -4.1846795e-001
 -1.8927900e-001 -4.4825407e-001
 -1.7119910e-001 -4.5590285e-001
 -1.7279144e-001 -4.1839577e-001
 -1.7328376e-001 -4.2341989e-001
 -1.7162738e-001 -4.9078982e-001
 -1.7809118e-001 -4.5295489e-001
 -2.5281174e-001 -4.8121766e-001
 -2.3476596e-001 -4.8223108e-001
 -2.3977489e-001 -4.1105870e-001
 -2.4554342e-001 -4.5194496e-001
 -2.4304486e-001 -4.6598425e-001
 -2.4280462e-001 -4.9710522e-001
 -2.5272038e-001 -5.0980419e-001
 -2.4549174e-001 -5.1393617e-001
 -2.4349721e-001 -5.5061713e-001
 -2.2989310e-001 -5.1840418e-001
 -2.4388128e-001 -5.1833934e-001
 -2.3123619e-001 -5.4901983e-001
 -2.3938554e-001 -5.9677831e-001
 -2.3055777e-001 -5.4775250e-001
 -2.4981879e-001 -6.1794084e-001
 -2.3087375e-001 -6.2035871e-001
 -2.5279110e-001 -6.2206435e-001
 -2.3759395e-001 -6.2072150e-001
 -2.4387897e-001 -6.5019410e-001
 -2.4605432e-001 -6.2778424e-001
 -2.3916725e-001 -6.6651827e-001
 -2.4696305e-001 -6.6801672e-001
 -2.4135677e-001 -5.8756576e-001
 -2.4129370e-001 -6.1231439e-001
 -2.4785619e-001 -6.2875180e-001
 -2.4630843e-001 -6.0591863e-001
 -2.5235945e-001 -6.4111564e-001
 -2.3162228e-001 -6.9285846e-001
 -2.4720497e-001 -6.6823272e-001
 -2.4251297e-001 -6.4461840e-001
 -2.4265191e-001 -6.6265328e-001
 -2.3086995e-001 -6.5137708e-001
 -2.5275030e-001 -6.7191571e-001
 -2.2984913e-001 -6.7804091e-001
 -2.3118330e-001 -6.1026371e-001
 -2.4935530e-001 -6.2645471e-001
 -2.3717935e-001 -6.5090221e-001
 -2.4848999e-001 -6.8247731e-001
 -2.3450721e-001 -6.2386698e-001
 -2.4781262e-001 -6.9487324e-001
 -2.3522483e-001 -6.0682969e-001
 -2.5005395e-001 -6.7080695e-001
 -2.5305879e-001 -6.1998015e-001
 -2.3089586e-001 -6.7203950e-001
 -2.4351019e-001 -6.9114615e-001
 -2.4966442e-001 -6.8437124e-001
 -2.3644429e-001 -6.4405851e-001
 -2.3015673e-001 -6.8069483e-001
 -2.3902683e-001 -6.6734414e-001
 -2.3439907e-001 -6.2071820e-001
 -2.4658038e-001 -7.0610173e-001
 -2.4113806e-001 -6.1313988e-001
 -2.4145803e-001 -6.3048922e-001
 -2.3063582e-001 -6.4213069e-001
 -2.3019867e-001 -6.4702389e-001
 -2.4667608e-001 -6.2196993e-001
 -2.4970422e-001 -6.3713650e-001
 -2.5105540e-001 -6.9095739e-001
 -2.3182967e-001 -6.3158610e-001
 -2.4054603e-001 -7.0767387e-001
 -2.4477865e-001 -6.5557784e-001
 -2.4629034e-001 -6.1451502e-001
 -2.5286804e-001 -6.1148585e-001
 -2.4966257e-001 -7.0411299e-001
 -2.5196697e-001 -6.3772058e-001
 -2.4542981e-001 -6.9961121e-001
 -2.3742148e-001 -6.3052125e-001
 -2.5121071e-001 -6.7390626e-001
 -2.3222798e-001 -6.7721484e-001
 -8.1047065e-001 -6.4115793e-001
 -7.9480163e-001 -6.3773433e-001
 -7.9829558e-001 -8.0492064e-001
 -7.9458279e-001 -9.5164333e-001
 -7.9782339e-001 -1.1740965e+000
 -7.9236404e-001 -1.3392852e+000
 -8.0668296e-001 -1.6084667e+000
 -7.9528254e-001 -1.8663768e+000
 -8.0178176e-001 -2.1133899e+000
 -8.0856973e-001 -2.2985079e+000
 -8.0049185e-001 -2.5061264e+000
 -8.0413161e-001 -2.7115781e+000
 -7.9402557e-001 -2.8721798e+000
 -8.0493682e-001 -3.0848261e+000
 -7.9738626e-001 -3.2459046e+000
 -8.1148170e-001 -3.3144623e+000
 -7.9021475e-001 -3.4460219e+000
 -8.0449242e-001 -3.5491779e+000
 -7.9622057e-001 -3.6263465e+000
 -7.9009263e-001 -3.6824952e+000
 -7.9431175e-001 -3.7681314e+000
 -7.9243890e-001 -3.8278869e+000
 -7.9521377e-001 -3.9318183e+000
 -8.0453061e-001 -3.9891598e+000
 -8.0888866e-001 -4.0147328e+000
 -8.0415018e-001 -4.0125540e+000
 -8.0435669e-001 -4.0288966e+000
 -8.1050723e-001 -4.0672761e+000
 -8.0111360e-001 -4.1554190e+000
 -8.0318083e-001 -4.1070657e+000
 -7.9269876e-001 -4.2074046e+000
 -7.9473935e-001 -4.1906029e+000
 -8.0800652e-001 -4.2240892e+000
 -7.9982545e-001 -4.1905703e+000
 -8.0375214e-001 -4.1808023e+000
 -7.9749599e-001 -4.2360249e+000
 -7.9486643e-001 -4.2586923e+000
 -7.9392945e-001 -4.2522922e+000
 -7.9638836e-001 -4.1939735e+000
 -7.9482625e-001 -4.1978122e+000
 -7.9481755e-001 -4.2656916e+000
 -7.9837450e-001 -4.2445428e+000
 -7.9406316e-001 -4.2142381e+000
 -7.9299518e-001 -4.2342749e+000
 -8.0774955e-001 -4.2167857e+000
 -8.1187900e-001 -4.2902733e+000
 -7.9756768e-001 -4.2563780e+000
 -8.0624522e-001 -4.2648708e+000
 -7.9050561e-001 -4.2720041e+000
 -8.0388854e-001 -4.3150166e+000
 -7.9286414e-001 -4.2372734e+000
 -7.9430933e-001 -4.2210562e+000
 -7.9233719e-001 -4.3054275e+000
 -8.0057439e-001 -4.3117160e+000
 -8.0096100e-001 -4.3037636e+000
 -8.0901130e-001 -4.2231794e+000
 -7.9603169e-001 -4.2938778e+000
 -8.0529775e-001 -4.2649901e+000
 -8.0829811e-001 -4.2449597e+000
 -7.9534486e-001 -4.2465802e+000
 -7.9529082e-001 -4.2441922e+000
 -8.0595296e-001 -4.2486073e+000
 -8.0411011e-001 -4.2482710e+000
 -8.0991397e-001 -4.2669142e+000
 -7.9615960e-001 -4.2823031e+000
 -7.9678465e-001 -4.3117805e+000
 -7.9049013e-001 -4.2352207e+000
 -7.9689870e-001 -4.2550009e+000
 -7.9111101e-001 -4.2329819e+000
  3.4604972e-001 -4.3120970e+000
  3.4522138e-001 -4.3108581e+000
  3.6664549e-001 -4.1037849e+000
  3.6377016e-001 -3.9332831e+000
  3.4939169e-001 -3.6221269e+000
  3.6263595e-001 -3.2749009e+000
  3.6182992e-001 -2.9671018e+000
  3.5382638e-001 -2.6552705e+000
  3.4443713e-001 -2.4000192e+000
  3.5846468e-001 -2.0838961e+000
  3.5361792e-001 -1.7702527e+000
  3.5166695e-001 -1.5795074e+000
  3.6075139e-001 -1.2904735e+000
  3.5866922e-001 -1.1230349e+000
  3.5027053e-001 -9.3729104e-001
  3.6673847e-001 -7.6201035e-001
  3.5971719e-001 -5.8777726e-001
  3.5575279e-001 -4.8835582e-001
  3.5475767e-001 -3.7182601e-001
  3.6724852e-001 -2.7444137e-001
  3.5915333e-001 -1.6420061e-001
  3.6229039e-001 -1.0799216e-001
  3.6033233e-001 -1.7606774e-003
  3.6267004e-001  4.5929804e-002
  3.5146224e-001  1.2298146e-001
  3.5629394e-001  1.2653242e-001
  3.6486289e-001  1.9513346e-001
  3.5433764e-001  2.3721185e-001
  3.4940273e-001  3.1117757e-001
  3.5851159e-001  2.9200520e-001
  3.5478408e-001  3.3436153e-001
  3.6492515e-001  3.4116196e-001
  3.6183550e-001  4.1355676e-001
  3.5169980e-001  4.1291552e-001
  3.5779174e-001  3.4829465e-001
  3.6670884e-001  4.0230972e-001
  3.5668932e-001  3.9106890e-001
  3.4798666e-001  4.3541992e-001
  3.4852642e-001  4.0726030e-001
  3.4945816e-001  4.1116699e-001
  3.6135393e-001  4.4680249e-001
  3.4770501e-001  4.7599623e-001
  3.6710098e-001  4.5767298e-001
  3.4785517e-001  4.1751767e-001
  3.5266110e-001  4.4386017e-001
  3.6658014e-001  4.8425200e-001
  3.6344728e-001  4.6992314e-001
  3.6399076e-001  4.5581919e-001
  3.6098595e-001  4.2318107e-001
  3.6691075e-001  5.1820059e-001
  3.5421352e-001  4.3789381e-001
  3.5160723e-001  4.9322532e-001
  3.6203169e-001  4.3079261e-001
  3.4418829e-001  5.1141938e-001
  3.6737233e-001  5.2228341e-001
  3.5631208e-001  5.0065971e-001
  3.5527829e-001  4.7784503e-001
  3.5262862e-001  4.6376015e-001
  3.5734830e-001  5.0197096e-001
  3.5979233e-001  4.5711046e-001
  3.6352242e-001  4.6440315e-001
  3.4506570e-001  4.6290123e-001
  3.5615295e-001  5.1327405e-001
  3.4635240e-001  4.3408207e-001
  3.6386866e-001  5.0116689e-001
  3.6069929e-001  4.3917924e-001
  3.6194949e-001  4.7931520e-001
  3.4596445e-001  4.5590919e-001
  3.4625079e-001  4.9828395e-001
 -5.7613364e-001  5.2215037e-001
 -5.7206405e-001  4.7732780e-001
 -5.9204713e-001  4.3124655e-001
 -5.8715570e-001  2.6115639e-001
 -5.9101556e-001  4.8941430e-002
 -5.7762931e-001 -1.0338236e-001
 -5.8537106e-001 -3.4061746e-001
 -5.8537746e-001 -5.3094719e-001
 -5.8950734e-001 -6.7030883e-001
 -5.7199995e-001 -9.1616015e-001
 -5.8029441e-001 -1.0272035e+000
 -5.7873594e-001 -1.2242023e+000
 -5.7882696e-001 -1.3265964e+000
 -5.9154265e-001 -1.4894479e+000
 -5.7415729e-001 -1.6243198e+000
 -5.9202489e-001 -1.6578706e+000
 -5.8770116e-001 -1.8262440e+000
 -5.7548786e-001 -1.8516797e+000
 -5.7206761e-001 -1.9395637e+000
 -5.7281739e-001 -2.0056018e+000
 -5.8651953e-001 -2.0784102e+000
 -5.7381617e-001 -2.1409734e+000
 -5.8762326e-001 -2.1040587e+000
 -5.7090864e-001 -2.1423165e+000
 -5.9019579e-001 -2.2326549e+000
 -5.7983807e-001 -2.2722471e+000
 -5.7306609e-001 -2.2414308e+000
 -5.9053120e-001 -2.3315226e+000
 -5.8836506e-001 -2.3570260e+000
 -5.8471938e-001 -2.3412849e+000
 -5.8767171e-001 -2.3819691e+000
 -5.8915439e-001 -2.3978580e+000
 -5.6939198e-001 -2.3747134e+000
 -5.8978109e-001 -2.3900250e+000
 -5.7815664e-001 -2.4161953e+000
 -5.7517576e-001 -2.4002538e+000
 -5.7681157e-001 -2.3790490e+000
 -5.8386261e-001 -2.4439770e+000
 -5.8651144e-001 -2.3783032e+000
 -5.9218812e-001 -2.3815385e+000
 -5.8942976e-001 -2.3793224e+000
 -5.7212426e-001 -2.4378513e+000
 -5.7147745e-001 -2.3811257e+000
 -5.8374677e-001 -2.4088909e+000
 -5.9033252e-001 -2.4461024e+000
 -5.8529378e-001 -2.3873006e+000
 -5.7169439e-001 -2.4091084e+000
 -5.8574533e-001 -2.3926196e+000
 -5.8291071e-001 -2.4323062e+000
 -5.8806947e-001 -2.4691822e+000
 -5.8758511e-001 -2.4016239e+000
 -5.9121789e-001 -2.4117486e+000
 -5.8942890e-001 -2.3967724e+000
 -5.7426302e-001 -2.4759367e+000
 -5.8851858e-001 -2.4490745e+000
 -5.7609232e-001 -2.4323533e+000
 -5.7622201e-001 -2.4330642e+000
 -5.8971803e-001 -2.4793427e+000
 -5.7457054e-001 -2.4517639e+000
 -5.7620768e-001 -2.3949071e+000
 -5.7289075e-001 -2.3928946e+000
 -5.9014425e-001 -2.4594187e+000
 -5.7778682e-001 -2.4183541e+000
 -5.8981753e-001 -2.4413795e+000
 -5.6920818e-001 -2.4184493e+000
 -5.7831008e-001 -2.4830407e+000
 -5.7827474e-001 -2.4273505e+000
 -5.8223173e-001 -2.4227422e+000
 -5.7690479e-001 -2.4197575e+000
 -1.2893042e-002 -2.4270231e+000
 -8.6338512e-003 -2.4426407e+000
 -6.0247426e-003 -2.3928315e+000
 -5.3862394e-003 -2.2862470e+000
 -1.1795368e-002 -2.1593182e+000
 -1.9424862e-002 -1.9348306e+000
 -1.9196551e-002 -1.7810727e+000
 -1.6137342e-002 -1.6344257e+000
 -2.0817450e-002 -1.4737336e+000
 -1.8239923e-002 -1.3050807e+000
 -2.6134399e-002 -1.2391306e+000
 -2.7089372e-002 -1.0581830e+000
 -2.0786725e-002 -9.4922803e-001
 -1.3422708e-002 -8.2260037e-001
 -1.5469852e-002 -7.8181502e-001
 -2.3043123e-002 -6.1003140e-001
 -2.0401268e-002 -6.0292206e-001
 -1.3843818e-002 -5.0955066e-001
 -2.0684865e-002 -4.0511059e-001
 -1.3429888e-002 -3.5045554e-001
 -1.6782486e-002 -3.6997436e-001
 -2.4676279e-002 -3.5420063e-001
 -1.5526985e-002 -2.4780015e-001
 -9.8826556e-003 -2.3009520e-001
 -1.2542143e-002 -2.1320397e-001
 -1.4911730e-002 -2.0603625e-001
 -1.4086551e-002 -1.8563092e-001
 -1.7910964e-002 -1.5714063e-001
 -2.7923162e-002 -1.1500678e-001
 -2.1304485e-002 -1.1791358e-001
 -2.1060698e-002 -1.4544601e-001
 -6.8563520e-003 -7.5621373e-002
 -2.7167969e-002 -1.0007377e-001
 -6.9019527e-003 -7.0232929e-002
 -2.7282527e-002 -4.0707076e-002
 -9.9557511e-003 -1.9966269e-002
 -6.5662821e-003 -2.4712719e-002
 -8.9645814e-003 -1.0128868e-001
 -2.3110266e-002 -2.5342832e-002
 -6.2332753e-003 -6.8332478e-002
 -2.7434245e-002 -9.3039432e-002
 -2.2306803e-002 -5.1905098e-002
 -1.9624670e-002  3.2842296e-003
 -2.6989348e-002  1.9912856e-003
 -1.9664668e-002 -4.9591171e-002
 -8.8731111e-003 -6.9076863e-002
 -7.2399632e-003  8.3735660e-003
 -1.0155097e-002 -1.3834798e-002
 -1.5116344e-002 -2.2150287e-002
 -2.2235567e-002 -5.5193838e-002
 -7.1209258e-003  1.1929820e-002
 -5.2616174e-003 -8.0010992e-002
 -8.3371364e-003 -4.6779693e-002
 -1.7530749e-002 -6.0722269e-002
 -1.0014868e-002  6.8343300e-003
 -1.9469219e-002 -3.8957592e-004
 -1.7421029e-002  1.6321810e-002
 -2.2009637e-002 -2.6198878e-003
 -1.8143446e-002  1.5623518e-003
 -1.1932101e-002 -6.4940280e-002
 -8.7612502e-003  6.9921517e-003
 -8.5387811e-003 -6.5941407e-002
 -2.2035087e-002  1.7142091e-002
 -5.8744040e-003 -7.8762176e-003
 -1.8837650e-002 -7.6282727e-002
 -1.5576225e-002 -3.4951621e-002
 -2.7415866e-002 -7.1276929e-002
 -2.3932546e-002 -2.6968521e-002
 -1.8353689e-002 -4.3356669e-003
 -6.6016017e-001 -5.9150154e-002
 -6.7300990e-001 -6.5343731e-002
 -6.7188325e-001 -9.9185454e-002
 -6.7225876e-001 -2.5004562e-001
 -6.7004005e-001 -4.7498125e-001
 -6.6832699e-001 -6.4294878e-001
 -6.6440070e-001 -8.2518539e-001
 -6.7295643e-001 -1.0410501e+000
 -6.5122238e-001 -1.2296753e+000
 -6.5747970e-001 -1.3952740e+000
 -6.6362766e-001 -1.6393292e+000
 -6.6809343e-001 -1.7409885e+000
 -6.7429850e-001 -1.8663315e+000
 -6.6149418e-001 -2.0385105e+000
 -6.6076605e-001 -2.1513193e+000
 -6.6389506e-001 -2.2745269e+000
 -6.5767085e-001 -2.3699109e+000
 -6.7113565e-001 -2.4744516e+000
 -6.7337511e-001 -2.5768830e+000
 -6.6622739e-001 -2.5836588e+000
 -6.6634684e-001 -2.6662228e+000
 -6.5347827e-001 -2.6841259e+000
 -6.6241819e-001 -2.7960756e+000
 -6.5180972e-001 -2.8033547e+000
 -6.6586029e-001 -2.8213237e+000
 -6.6444723e-001 -2.8466536e+000
 -6.6591035e-001 -2.9029421e+000
 -6.5848438e-001 -2.9037743e+000
 -6.7007860e-001 -2.9268723e+000
 -6.6059823e-001 -2.9512856e+000
 -6.5928986e-001 -2.9755398e+000
 -6.7261530e-001 -2.9991311e+000
 -6.5311177e-001 -2.9466845e+000
 -6.7429205e-001 -2.9605423e+000
 -6.7273995e-001 -3.0133576e+000
 -6.6481136e-001 -3.0569053e+000
 -6.5490964e-001 -2.9910672e+000
 -6.5662800e-001 -3.0017777e+000
 -6.5122858e-001 -3.0722441e+000
 -6.6925441e-001 -2.9945760e+000
 -6.7022920e-001 -3.0454908e+000
 -6.6484466e-001 -3.0055296e+000
 -6.6212006e-001 -3.0861556e+000
 -6.5492044e-001 -3.0555768e+000
 -6.6871291e-001 -2.9959584e+000
 -6.5724245e-001 -3.0793844e+000
 -6.5947285e-001 -3.0656043e+000
 -6.6573364e-001 -3.0750795e+000
 -6.5836011e-001 -3.0634533e+000
 -6.6161715e-001 -3.0632358e+000
 -6.5923028e-001 -3.0243556e+000
 -6.5189184e-001 -3.0191202e+000
 -6.7114747e-001 -3.0800078e+000
 -6.6384113e-001 -3.0476419e+000
 -6.6680706e-001 -3.0989317e+000
 -6.6331904e-001 -3.0345255e+000
 -6.7193756e-001 -3.0906266e+000
 -6.6394791e-001 -3.0179441e+000
 -6.6244917e-001 -3.0370730e+000
 -6.6277912e-001 -3.0208714e+000
 -6.5543099e-001 -3.0244676e+000
 -6.7169270e-001 -3.0088256e+000
 -6.6064220e-001 -3.0762820e+000
 -6.5111742e-001 -3.0981263e+000
 -6.5459742e-001 -3.0815940e+000
 -6.7305242e-001 -3.0764312e+000
 -6.5374662e-001 -3.0963884e+000
 -6.7161707e-001 -3.0930710e+000
 -6.6179164e-001 -3.0783867e+000
  4.0624071e-001 -3.0513048e+000
  4.0625527e-001 -3.0467663e+000
  4.0566917e-001 -2.9685971e+000
  4.1754157e-001 -2.8255319e+000
  4.1051876e-001 -2.5495842e+000
  4.2293332e-001 -2.3737687e+000
  4.2311034e-001 -2.0717859e+000
  4.1813108e-001 -1.8961141e+000
  4.0713932e-001 -1.5955309e+000
  4.1408737e-001 -1.4084562e+000
  4.1465766e-001 -1.1423438e+000
  4.1565050e-001 -1.0379016e+000
  4.1984225e-001 -8.4795976e-001
  4.1788796e-001 -6.7647365e-001
  4.0083585e-001 -5.1394353e-001
  4.0108649e-001 -4.3211783e-001
  4.0704624e-001 -2.8112389e-001
  3.9986470e-001 -2.0897158e-001
  4.2173602e-001 -8.5551574e-002
  4.1006871e-001 -9.4621399e-003
  4.2223828e-001  8.4587601e-002
  4.0175721e-001  1.7608057e-001
  4.0167262e-001  1.4997086e-001
  4.1319762e-001  2.3297495e-001
  4.2134730e-001  3.0494765e-001
  4.1758890e-001  3.5109939e-001
  4.0283470e-001  3.4070451e-001
  4.0760424e-001  3.3538805e-001
  4.0475125e-001  4.3789784e-001
  4.0913836e-001  4.0086489e-001
  4.1881019e-001  4.7366270e-001
  4.0007604e-001  4.0418175e-001
  4.1554957e-001  4.6846972e-001
  4.0836329e-001  4.6506793e-001
  4.1372385e-001  5.2409188e-001
  4.1412325e-001  4.6012737e-001
  4.1370607e-001  5.1877578e-001
  4.2053962e-001  5.1909464e-001
  4.0297781e-001  5.1394455e-001
  4.2191897e-001  5.0131997e-001
  4.0704928e-001  5.0940001e-001
  4.0623937e-001  5.3451986e-001
  4.1567488e-001  5.7245003e-001
  4.1898837e-001  5.0367621e-001
  4.1440147e-001  5.7190397e-001
  4.0008287e-001  5.7217861e-001
  4.2158189e-001  5.0231186e-001
  4.1723677e-001  5.2714901e-001
  4.2108612e-001  5.6263305e-001
  4.0296107e-001  5.6435764e-001
  4.0373753e-001  5.1225073e-001
  4.1416634e-001  4.9214238e-001
  4.2014650e-001  5.8388829e-001
  4.0022327e-001  4.8974183e-001
  4.0860983e-001  5.3160631e-001
  4.1886568e-001  5.4654544e-001
  4.1655666e-001  5.8201856e-001
  4.0563989e-001  5.1540237e-001
  4.2323581e-001  5.1365161e-001
  4.0678268e-001  5.6030814e-001
  4.1009599e-001  5.5178512e-001
  4.0227086e-001  5.5967746e-001
  4.1709953e-001  5.6383747e-001
  4.1699580e-001  5.8684453e-001
  4.1933933e-001  5.1041948e-001
  4.0785914e-001  5.1139484e-001
  4.1282783e-001  5.2345247e-001
  4.0164975e-001  5.2795868e-001
  4.0675951e-001  5.3719327e-001
  8.3883836e-001  5.2863366e-001
  8.3777325e-001  5.5515739e-001
  8.3816259e-001  5.2138721e-001
  8.2907235e-001  5.9916993e-001
  8.4343831e-001  6.9859646e-001
  8.2719407e-001  7.6277876e-001
  8.4737478e-001  8.3128066e-001
  8.3910094e-001  8.4776563e-001
  8.3326586e-001  9.5905099e-001
  8.4759343e-001  9.3876626e-001
  8.3659995e-001  9.9485360e-001
  8.3359670e-001  1.0728077e+000
  8.3429647e-001  1.1416623e+000
  8.3099195e-001  1.2147447e+000
  8.4265767e-001  1.1784537e+000
  8.2730927e-001  1.2598519e+000
  8.4962583e-001  1.3149667e+000
  8.2592467e-001  1.3520874e+000
  8.4556421e-001  1.3514165e+000
  8.3215271e-001  1.3358367e+000
  8.4891052e-001  1.4258465e+000
  8.3959233e-001  1.3627926e+000
  8.3069735e-001  1.3758273e+000
  8.3925010e-001  1.4023688e+000
  8.3015270e-001  1.4434955e+000
  8.3131111e-001  1.4813205e+000
  8.2947438e-001  1.5053672e+000
  8.3822244e-001  1.4945176e+000
  8.4583395e-001  1.4339605e+000
  8.3803122e-001  1.4394706e+000
  8.3227283e-001  1.4312257e+000
  8.4441168e-001  1.5183998e+000
  8.4246487e-001  1.4452287e+000
  8.4739258e-001  1.4714041e+000
  8.3693397e-001  1.4561213e+000
  8.2898340e-001  1.5066875e+000
  8.3819627e-001  1.4883635e+000
  8.3876583e-001  1.5140783e+000
  8.4281080e-001  1.4581483e+000
  8.3695068e-001  1.4581841e+000
  8.2918289e-001  1.5458711e+000
  8.4829658e-001  1.5280454e+000
  8.4615383e-001  1.4904370e+000
  8.3854691e-001  1.5245438e+000
  8.3237061e-001  1.4721305e+000
  8.4255114e-001  1.4753536e+000
  8.3431722e-001  1.5469554e+000
  8.3033556e-001  1.5043222e+000
  8.2752257e-001  1.4775898e+000
  8.2869454e-001  1.5532235e+000
  8.4171650e-001  1.5377610e+000
  8.3786147e-001  1.4798654e+000
  8.3684228e-001  1.5264534e+000
  8.2971588e-001  1.5374976e+000
  8.4472076e-001  1.5059195e+000
  8.3079005e-001  1.5395348e+000
  8.2897316e-001  1.5042153e+000
  8.2642789e-001  1.5488890e+000
  8.3613881e-001  1.5395154e+000
  8.3582491e-001  1.5367820e+000
  8.4972773e-001  1.5598125e+000
  8.3332835e-001  1.4988602e+000
  8.2820274e-001  1.4808146e+000
  8.3321638e-001  1.4755160e+000
  8.2945478e-001  1.4941522e+000
  8.4442444e-001  1.4640191e+000
  8.3392976e-001  1.5348146e+000
  8.4943995e-001  1.4948624e+000
  8.4974668e-001  1.4755352e+000
  3.9407467e-001  1.5241845e+000
  4.0951695e-001  1.5193221e+000
  4.1704562e-001  1.5120195e+000
  4.1170396e-001  1.4276908e+000
  4.0431387e-001  1.3302773e+000
  4.1437210e-001  1.3641961e+000
  4.0503557e-001  1.2168868e+000
  3.9858715e-001  1.1461086e+000
  4.0452874e-001  1.1531486e+000
  4.0779524e-001  1.0812570e+000
  4.0632977e-001  1.0158247e+000
  4.1412669e-001  9.6960525e-001
  4.0832438e-001  8.6388086e-001
  4.1705612e-001  8.4915148e-001
  3.9459477e-001  7.8802649e-001
  4.1249081e-001  7.4847471e-001
  4.1480387e-001  7.0721071e-001
  4.1470016e-001  7.2124343e-001
  4.1014301e-001  7.0647674e-001
  4.0273171e-001  6.3719597e-001
  4.1287030e-001  6.6764764e-001
  4.1229998e-001  6.2632743e-001
  4.1777562e-001  6.7550649e-001
  4.0127888e-001  6.0314539e-001
  4.0879175e-001  6.4262296e-001
  4.1241873e-001  6.1208047e-001
  4.0161925e-001  6.3088883e-001
  4.0246436e-001  5.9072448e-001
  4.1430976e-001  5.2997330e-001
  3.9570557e-001  6.0572126e-001
  4.0648542e-001  5.7132034e-001
  4.0654284e-001  5.5089317e-001
  4.1441574e-001  5.3765972e-001
  4.1754097e-001  5.7116935e-001
  4.0171286e-001  5.3327721e-001
  4.1196867e-001  5.9788563e-001
  3.9417582e-001  5.4473669e-001
  4.0101311e-001  5.4597948e-001
  4.0827207e-001  5.8802364e-001
  3.9820658e-001  5.3846619e-001
  4.0161529e-001  5.6934663e-001
  4.0996901e-001  4.9646418e-001
  4.1251297e-001  5.1435091e-001
  4.0622849e-001  4.8958668e-001
  4.1207661e-001  5.0845628e-001
  3.9829985e-001  5.3843652e-001
  4.1142205e-001  5.2451724e-001
  4.0767233e-001  5.4060516e-001
  3.9712764e-001  5.0130517e-001
  4.0610871e-001  5.5316651e-001
  3.9823407e-001  5.2327953e-001
  4.1765548e-001  5.5082194e-001
  3.9670595e-001  5.1978573e-001
  3.9439809e-001  5.7046724e-001
  4.1168005e-001  5.3241896e-001
  4.1240005e-001  5.6352398e-001
  4.0266368e-001  5.2172993e-001
  3.9850614e-001  4.9700252e-001
  4.1308588e-001  5.4651474e-001
  4.0914918e-001  4.9090272e-001
  3.9859205e-001  4.9106870e-001
  3.9800002e-001  5.4728190e-001
  4.1411896e-001  5.1015224e-001
  4.1709705e-001  5.8237793e-001
  4.0904194e-001  4.8904249e-001
  4.1755284e-001  4.9489399e-001
  3.9421760e-001  5.1401821e-001
  4.1663984e-001  5.4038086e-001
  3.9446893e-001  4.9963961e-001
 -9.7375427e-001  5.2833748e-001
 -9.7646795e-001  5.2464591e-001
 -9.8409918e-001  3.4496895e-001
 -9.7407506e-001  2.5808151e-002
 -9.7493166e-001 -3.4294010e-001
 -9.6290604e-001 -7.8691748e-001
 -9.6667946e-001 -1.2005949e+000
 -9.7247525e-001 -1.7263544e+000
 -9.7612205e-001 -2.1239595e+000
 -9.6874285e-001 -2.4935264e+000
 -9.7290015e-001 -2.8847659e+000
 -9.8278629e-001 -3.2832098e+000
 -9.7414496e-001 -3.5759793e+000
 -9.6802682e-001 -3.8999413e+000
 -9.6192295e-001 -4.1885800e+000
 -9.8527974e-001 -4.4451837e+000
 -9.8526663e-001 -4.6441566e+000
 -9.7867491e-001 -4.7850126e+000
 -9.6999748e-001 -4.9849154e+000
 -9.8370455e-001 -5.0849758e+000
 -9.7790935e-001 -5.2729924e+000
 -9.7835248e-001 -5.4141082e+000
 -9.7444654e-001 -5.4385038e+000
 -9.7748799e-001 -5.5547181e+000
 -9.8197623e-001 -5.6469858e+000
 -9.8059322e-001 -5.6956109e+000
 -9.6877120e-001 -5.7093175e+000
 -9.7925016e-001 -5.7750720e+000
 -9.7360325e-001 -5.8714260e+000
 -9.7328607e-001 -5.8970318e+000
 -9.7893649e-001 -5.8771481e+000
 -9.6222923e-001 -5.9120576e+000
 -9.8226125e-001 -5.9380269e+000
 -9.6157162e-001 -5.9543787e+000
 -9.8052923e-001 -5.9749280e+000
 -9.7447165e-001 -5.9974898e+000
 -9.7909245e-001 -5.9947718e+000
 -9.7209726e-001 -6.0735939e+000
 -9.7837672e-001 -6.0978089e+000
 -9.7427644e-001 -6.0306127e+000
 -9.7096414e-001 -6.0559518e+000
 -9.6628786e-001 -6.0460529e+000
 -9.6786707e-001 -6.0781793e+000
 -9.6216288e-001 -6.0654406e+000
 -9.6776746e-001 -6.0694420e+000
 -9.6250505e-001 -6.0702638e+000
 -9.7822817e-001 -6.1136635e+000
 -9.6441291e-001 -6.0947620e+000
 -9.8490949e-001 -6.1309525e+000
 -9.6437032e-001 -6.0781312e+000
 -9.6534595e-001 -6.0756879e+000
 -9.8171592e-001 -6.1516910e+000
 -9.7451106e-001 -6.1303967e+000
 -9.6951844e-001 -6.1496903e+000
 -9.6453735e-001 -6.1018409e+000
 -9.7020283e-001 -6.1538807e+000
 -9.7468263e-001 -6.0845589e+000
 -9.6890130e-001 -6.1749641e+000
 -9.7003138e-001 -6.1630333e+000
 -9.7432969e-001 -6.0808332e+000
 -9.7939121e-001 -6.1706245e+000
 -9.7846792e-001 -6.0935798e+000
 -9.6599284e-001 -6.1617327e+000
 -9.7704293e-001 -6.1289663e+000
 -9.7169752e-001 -6.0992398e+000
 -9.6910394e-001 -6.1237776e+000
 -9.6765719e-001 -6.1486841e+000
 -9.8043059e-001 -6.1665052e+000
 -9.6967612e-001 -6.1036862e+000
  2.9797707e-001 -6.1690585e+000
  3.0479856e-001 -6.1172209e+000
  2.9541465e-001 -5.9628758e+000
  2.9730518e-001 -5.6216701e+000
  3.0996857e-001 -5.2748844e+000
  3.0897174e-001 -4.7867292e+000
  3.0459717e-001 -4.3838054e+000
  3.1018010e-001 -3.9359772e+000
  3.0347727e-001 -3.5150120e+000
  2.9454258e-001 -3.0932753e+000
  2.9748406e-001 -2.7107027e+000
  3.0330361e-001 -2.3677464e+000
  2.9111345e-001 -2.0604383e+000
  3.0136321e-001 -1.7738871e+000
  3.1229528e-001 -1.5075751e+000
  2.9391768e-001 -1.2272894e+000
  3.1434111e-001 -1.0773777e+000
  3.0626140e-001 -8.3268686e-001
  3.0745003e-001 -6.6945198e-001
  2.9567141e-001 -5.9415946e-001
  3.0920483e-001 -4.8048495e-001
  3.1099543e-001 -3.1065730e-001
  2.9600740e-001 -2.6421598e-001
  2.9786964e-001 -1.8586844e-001
  2.9102241e-001 -9.9770088e-002
  3.0235486e-001  3.8745047e-002
  2.9288813e-001  8.1233891e-002
  3.0203208e-001  5.6537776e-002
  3.1118017e-001  1.3939237e-001
  3.0933233e-001  1.3944596e-001
  2.9602578e-001  2.5476839e-001
  3.1334287e-001  2.6851382e-001
  3.0328760e-001  2.8229390e-001
  3.0631399e-001  3.3811980e-001
  3.0141343e-001  2.7810083e-001
  3.0557891e-001  3.4233510e-001
  3.0739061e-001  3.7201013e-001
  3.0797921e-001  3.4128455e-001
  3.0897486e-001  3.7098878e-001
  3.0075326e-001  3.2673489e-001
  2.9208773e-001  3.4715782e-001
  3.0899077e-001  3.5102978e-001
  3.1198178e-001  3.7499849e-001
  3.1015022e-001  3.8748865e-001
  2.9955517e-001  3.8338356e-001
  2.9587849e-001  4.1602613e-001
  3.0320725e-001  3.9361307e-001
  3.0459087e-001  4.1176308e-001
  3.0093109e-001  3.7731926e-001
  3.0588193e-001  3.9630495e-001
  3.1206031e-001  4.4694051e-001
  3.0506098e-001  3.9452797e-001
  3.1350732e-001  3.6653082e-001
  3.0177447e-001  4.0453635e-001
  2.9286118e-001  3.9144672e-001
  3.0937900e-001  4.0410191e-001
  3.1106307e-001  4.0523511e-001
  3.0086019e-001  4.6058110e-001
  3.0221679e-001  4.6582340e-001
  2.9739104e-001  4.3303958e-001
  2.9323088e-001  3.7567311e-001
  3.0058841e-001  4.3299088e-001
  3.0890816e-001  3.9434127e-001
  2.9561124e-001  4.2240154e-001
  3.0377302e-001  4.6366332e-001
  3.0257075e-001  3.7771206e-001
  2.9928347e-001  3.9855902e-001
  3.1483880e-001  4.6748552e-001
  3.0999098e-001  3.8988815e-001
  2.8276843e-001  4.6165674e-001
  2.8122397e-001  4.1794715e-001
  3.0227997e-001  4.6626353e-001
  2.9512415e-001  3.8201540e-001
  2.8360879e-001  4.2413173e-001
  3.0118609e-001  4.0385843e-001
  2.8084971e-001  4.5587412e-001
  2.8483354e-001  4.2451216e-001
  2.8373064e-001  4.4544289e-001
  2.9677884e-001  4.1773806e-001
  2.8235999e-001  3.7876292e-001
  3.0307922e-001  4.0320276e-001
  3.0261555e-001  3.6422077e-001
  2.8533066e-001  3.6569678e-001
  3.0108765e-001  3.9605445e-001
  2.9431109e-001  4.1720267e-001
  2.9643531e-001  3.9877541e-001
  3.0299113e-001  4.5757605e-001
  2.9212473e-001  4.5040297e-001
  2.9436485e-001  3.9937045e-001
  2.8793196e-001  4.2992261e-001
  2.9033133e-001  4.3706612e-001
  2.9313097e-001  3.8015102e-001
  2.8838237e-001  4.1928856e-001
  2.8890867e-001  4.3478057e-001
  2.9085940e-001  3.6571192e-001
  2.8693437e-001  4.2503270e-001
  2.9842255e-001  4.3933648e-001
  2.9101551e-001  4.2231746e-001
  3.0032934e-001  4.3295994e-001
  2.8397901e-001  3.9710396e-001
  2.9627580e-001  4.5712219e-001
  2.8362362e-001  4.2814839e-001
  2.8999953e-001  4.1356811e-001
  2.8537042e-001  4.5309741e-001
  2.8366535e-001  3.9957428e-001
  2.8059846e-001  4.2716184e-001
  2.9575406e-001  3.6898633e-001
  2.9219793e-001  3.9597299e-001
  2.9166588e-001  4.1410788e-001
  2.8963215e-001  4.0350607e-001
  2.9832857e-001  4.2065345e-001
  2.9414194e-001  3.7797780e-001
  2.8477747e-001  3.8023044e-001
  2.8218735e-001  4.1082492e-001
  2.9029292e-001  4.2059021e-001
  2.9275965e-001  4.3708006e-001
  2.8213891e-001  3.8063219e-001
  2.8911829e-001  3.6211112e-001
  2.9022952e-001  3.6138789e-001
  2.9884530e-001  4.4843820e-001
  2.9883539e-001  4.3174283e-001
  2.9017462e-001  4.5423759e-001
  2.8866853e-001  4.5645202e-001
  2.9424586e-001  3.6583042e-001
  2.9042745e-001  4.2110073e-001
  2.9491803e-001  4.1495339e-001
  2.9794608e-001  4.3414364e-001
  2.8183746e-001  4.3233826e-001
  2.8977488e-001  4.2008075e-001
  2.8570124e-001  4.4374876e-001
  2.9538736e-001  4.2512779e-001
  2.9374885e-001  4.5412965e-001
  2.8262159e-001  4.3609871e-001
  2.8525583e-001  4.1325392e-001
  2.9808374e-001  4.4250037e-001
  2.9250416e-001  3.6642315e-001
  2.9840502e-001  3.9196025e-001
  2.8746675e-001  4.0900664e-001
  9.7463390e-001  3.9364133e-001
  9.7461331e-001  3.7987398e-001
  9.7615456e-001  4.1987575e-001
  9.9667696e-001  5.2558830e-001
  9.9534981e-001  6.6521311e-001
  9.8364494e-001  8.0227625e-001
  9.8568870e-001  9.4334285e-001
  9.7899239e-001  1.0081568e+000
  9.8997012e-001  1.1950600e+000
  9.9375347e-001  1.2641824e+000
  9.7614539e-001  1.4139129e+000
  9.9044941e-001  1.4223190e+000
  9.7463658e-001  1.5396570e+000
  9.8660649e-001  1.6914668e+000
  9.7923591e-001  1.6967410e+000
  9.7864367e-001  1.7728425e+000
  9.9265587e-001  1.8727412e+000
  9.8921386e-001  1.8505746e+000
  9.8124306e-001  1.9873106e+000
  9.7717835e-001  2.0283261e+000
  9.9238640e-001  2.0380378e+000
  9.9194258e-001  2.0369275e+000
  9.8228744e-001  2.0802644e+000
  9.9137585e-001  2.1026066e+000
  9.9789056e-001  2.0771882e+000
  9.7547347e-001  2.1221606e+000
  9.8706943e-001  2.1463502e+000
  9.8385935e-001  2.1523645e+000
  9.9606244e-001  2.1894128e+000
  9.8160341e-001  2.1998813e+000
  9.8904552e-001  2.1817049e+000
  9.8490117e-001  2.2124267e+000
  9.8926190e-001  2.2247617e+000
  9.8925488e-001  2.2250834e+000
  9.9041441e-001  2.2787170e+000
  9.8885340e-001  2.2169431e+000
  9.7601695e-001  2.2546618e+000
  9.9701973e-001  2.2628148e+000
  9.8801276e-001  2.2426663e+000
  9.9605911e-001  2.2710393e+000
  9.8963326e-001  2.2136324e+000
  9.9486150e-001  2.2426549e+000
  9.7734890e-001  2.2604994e+000
  9.9777462e-001  2.2493035e+000
  9.8144228e-001  2.2891152e+000
  9.9279371e-001  2.2283101e+000
  9.9045593e-001  2.2920886e+000
  9.9621507e-001  2.2353270e+000
  9.9105991e-001  2.2678220e+000
  9.8091339e-001  2.3055934e+000
  9.9218665e-001  2.2632710e+000
  9.8185565e-001  2.2404541e+000
  9.9549518e-001  2.2493566e+000
  9.8456077e-001  2.2657984e+000
  9.9811286e-001  2.2141412e+000
  9.8432661e-001  2.2902056e+000
  9.9567936e-001  2.2980743e+000
  9.4036927e-001  2.2432619e+000
