 -8.8593025e-003 -1.9350216e-002
  9.1486234e-003  1.8129770e-002
  5.4924952e-003 -3.2321499e-002
  5.8914006e-003  1.8783832e-003
  4.5621707e-003  2.1390429e-002
  1.4119851e-003 -1.1256765e-002
  1.1476648e-002  4.4759616e-002
  1.0735180e-002  6.0054896e-003
 -6.5086159e-003  2.7035650e-002
 -2.9650600e-003 -3.0995255e-002
 -2.3259712e-001 -4.3715732e-003
 -2.3042506e-001  4.6948364e-002
 -2.4038353e-001 -9.0237175e-003
 -2.2319571e-001 -8.6650532e-002
 -2.3356070e-001 -1.2165179e-001
 -2.2181585e-001 -1.2785615e-001
 -2.3869584e-001 -1.4025753e-001
 -2.2564268e-001 -2.0649831e-001
 -2.3438610e-001 -2.3311367e-001
 -2.2955986e-001 -3.1521529e-001
 -2.3821510e-001 -3.2812320e-001
 -2.2836058e-001 -3.9072433e-001
 -2.3065214e-001 -3.8448037e-001
 -2.3452283e-001 -3.7215380e-001
 -2.4275813e-001 -4.8995565e-001
 -2.2489710e-001 -4.2817659e-001
 -2.2628046e-001 -4.9771874e-001
 -2.2117822e-001 -4.6345633e-001
 -2.2697742e-001 -4.8596277e-001
 -2.3701433e-001 -5.3896812e-001
 -2.4471818e-001 -5.1442320e-001
 -2.3452869e-001 -5.7961212e-001
 -2.4480986e-001 -5.9481941e-001
 -2.4031290e-001 -5.5884809e-001
 -2.3576185e-001 -5.7968053e-001
 -2.4481382e-001 -5.9585039e-001
 -2.2886784e-001 -6.3356272e-001
 -2.3159092e-001 -5.5402603e-001
 -2.3356197e-001 -6.2578224e-001
 -2.3793624e-001 -6.0402369e-001
 -2.4132629e-001 -5.9612096e-001
 -2.4194580e-001 -6.2751381e-001
 -2.4455013e-001 -5.6849492e-001
 -2.3991679e-001 -6.5660963e-001
 -2.2829367e-001 -5.8820091e-001
 -2.2510880e-001 -6.0144438e-001
 -2.3944855e-001 -5.9602584e-001
 -2.2782072e-001 -6.0787539e-001
 -2.2832468e-001 -6.0231929e-001
 -2.2338959e-001 -6.5134264e-001
 -2.2515607e-001 -6.3381404e-001
 -2.4273720e-001 -5.8981082e-001
 -2.2803574e-001 -6.6380055e-001
 -2.4197734e-001 -6.7097315e-001
 -2.2929746e-001 -6.0217450e-001
 -2.3684916e-001 -6.2118453e-001
 -2.3227897e-001 -6.3895760e-001
 -2.2829607e-001 -6.6242960e-001
 -2.2537796e-001 -6.0491267e-001
 -2.3518235e-001 -5.9570904e-001
 -2.4494999e-001 -5.9947235e-001
 -2.2357657e-001 -6.7303227e-001
 -2.3060765e-001 -6.2625635e-001
 -2.3675607e-001 -5.7746158e-001
 -2.2629417e-001 -6.4465986e-001
 -2.2605765e-001 -6.6704896e-001
 -2.2430272e-001 -6.3307800e-001
 -2.2538380e-001 -6.7121687e-001
 -2.3959587e-001 -6.6437339e-001
 -2.2747537e-001 -6.6855269e-001
 -2.4442757e-001 -6.5103031e-001
 -2.4012501e-001 -5.8056720e-001
 -2.2743229e-001 -5.9673688e-001
 -2.4035064e-001 -6.5959469e-001
 -2.2182409e-001 -6.4584320e-001
 -2.3275068e-001 -6.4140843e-001
 -2.4469146e-001 -6.2801099e-001
 -2.3081563e-001 -5.9109399e-001
 -2.2991551e-001 -6.2844030e-001
 -6.1412148e-001 -6.7352910e-001
 -6.0375615e-001 -6.1540158e-001
 -6.0398156e-001 -6.8103010e-001
 -6.2172634e-001 -8.1050908e-001
 -6.1003446e-001 -9.0474750e-001
 -6.0116221e-001 -1.0440350e+000
 -6.0684180e-001 -1.1767877e+000
 -6.0672844e-001 -1.2836767e+000
 -6.2356605e-001 -1.4900766e+000
 -6.0013366e-001 -1.5937786e+000
 -6.0972130e-001 -1.7268006e+000
 -6.0449447e-001 -1.7569270e+000
 -6.0847918e-001 -1.9045970e+000
 -6.2189034e-001 -2.0062283e+000
 -6.0116099e-001 -2.0472773e+000
 -6.1854785e-001 -2.1355947e+000
 -6.0207734e-001 -2.2378345e+000
 -6.1549493e-001 -2.2457036e+000
 -6.1033597e-001 -2.2745765e+000
 -6.2051868e-001 -2.3098666e+000
 -6.0990126e-001 -2.4194329e+000
 -6.2059425e-001 -2.4538436e+000
 -6.2322307e-001 -2.4331526e+000
 -6.0091197e-001 -2.5289334e+000
 -6.1726516e-001 -2.4873874e+000
 -6.1078097e-001 -2.5135863e+000
 -6.1631895e-001 -2.5166993e+000
 -6.1449707e-001 -2.5996848e+000
 -6.1842299e-001 -2.5760151e+000
 -6.1400146e-001 -2.6344852e+000
 -6.1101956e-001 -2.5564156e+000
 -6.1484121e-001 -2.5878364e+000
 -6.2267065e-001 -2.6634302e+000
 -6.1125789e-001 -2.6482993e+000
 -6.0337288e-001 -2.6736019e+000
 -6.2318667e-001 -2.6567488e+000
 -6.2018332e-001 -2.6861703e+000
 -6.1309533e-001 -2.6812737e+000
 -6.2173678e-001 -2.6358430e+000
 -6.1770578e-001 -2.6511406e+000
 -6.1476605e-001 -2.6686846e+000
 -6.0703260e-001 -2.6882748e+000
 -6.2365428e-001 -2.6489298e+000
 -6.0715665e-001 -2.6206988e+000
 -6.0579863e-001 -2.6932873e+000
 -6.2210675e-001 -2.6386940e+000
 -6.0554640e-001 -2.6344699e+000
 -6.1125794e-001 -2.6910970e+000
 -6.0275200e-001 -2.6136261e+000
 -6.0654056e-001 -2.6776581e+000
 -6.0522293e-001 -2.6571543e+000
 -6.0049739e-001 -2.6974347e+000
 -6.0794695e-001 -2.6876938e+000
 -6.1844430e-001 -2.6354848e+000
 -6.0503959e-001 -2.7035787e+000
 -6.1337426e-001 -2.6958584e+000
 -6.0837983e-001 -2.6465820e+000
 -6.0388975e-001 -2.6594453e+000
 -6.1880087e-001 -2.7103944e+000
 -6.1446615e-001 -2.6265963e+000
 -6.0423814e-001 -2.6236505e+000
 -6.0699022e-001 -2.6811931e+000
 -6.0462468e-001 -2.7004089e+000
 -6.0853238e-001 -2.6365770e+000
 -6.0126380e-001 -2.6166178e+000
 -6.1485160e-001 -2.6967234e+000
 -6.0518461e-001 -2.6800347e+000
 -6.1792556e-001 -2.7083373e+000
 -6.0010614e-001 -2.6867435e+000
  3.6526602e-001 -2.6620289e+000
  3.7739920e-001 -2.6967711e+000
  3.6024324e-001 -2.6018586e+000
  3.7504216e-001 -2.4409086e+000
  3.6017458e-001 -2.2235546e+000
  3.5425355e-001 -2.0525551e+000
  3.6553581e-001 -1.7901855e+000
  3.6633296e-001 -1.5910386e+000
  3.7375196e-001 -1.3968212e+000
  3.7148042e-001 -1.2472942e+000
  3.7670902e-001 -1.0307433e+000
  3.6024394e-001 -8.2843543e-001
  3.6640325e-001 -7.2675602e-001
  3.6389111e-001 -5.5031489e-001
  3.6975961e-001 -4.6509676e-001
  3.5847361e-001 -3.3856459e-001
  3.6811047e-001 -1.9562143e-001
  3.7041460e-001 -1.0805651e-001
  3.5793934e-001 -1.9447502e-002
  3.7235961e-001  4.6260270e-002
  3.7528462e-001  3.9063687e-002
  3.5463382e-001  8.8561915e-002
  3.5961715e-001  2.1883087e-001
  3.7661884e-001  2.0139968e-001
  3.6752052e-001  2.1340287e-001
  3.7535716e-001  2.4519845e-001
  3.6954412e-001  2.9986735e-001
  3.7212543e-001  3.5993903e-001
  3.7344006e-001  3.8689950e-001
  3.6967849e-001  3.9048562e-001
  3.7531795e-001  4.3970551e-001
  3.6085608e-001  3.9709280e-001
  3.6076429e-001  4.6099134e-001
  3.5491928e-001  4.5645388e-001
  3.5515285e-001  4.8325833e-001
  3.7512649e-001  4.2478127e-001
  3.7135594e-001  4.2159175e-001
  3.5962536e-001  4.4546753e-001
  3.6044071e-001  4.1957517e-001
  3.7618900e-001  4.1662591e-001
  3.6897273e-001  4.2174594e-001
  3.7735449e-001  4.4940396e-001
  3.6714928e-001  4.9821600e-001
  3.6677522e-001  5.0818823e-001
  3.7524224e-001  4.4514990e-001
  3.6865881e-001  4.6917431e-001
  3.7529207e-001  4.6542582e-001
  3.7500831e-001  4.5310623e-001
  3.6990320e-001  4.6564253e-001
  3.6702289e-001  4.4740008e-001
  3.7479743e-001  4.9798194e-001
  3.6277342e-001  4.6787964e-001
  3.5633970e-001  5.1010008e-001
  3.6507016e-001  4.7275805e-001
  3.6536192e-001  4.6443946e-001
  3.5525068e-001  5.3583856e-001
  3.6766572e-001  4.5205579e-001
  3.7088579e-001  5.2082110e-001
  3.7587411e-001  5.0177467e-001
  3.5891545e-001  5.0767662e-001
  3.7526290e-001  5.0821390e-001
  3.6449809e-001  4.6386425e-001
  3.7079252e-001  4.6516992e-001
  3.6244952e-001  4.5622544e-001
  3.6398854e-001  5.2974629e-001
  3.6773558e-001  5.1055499e-001
  3.5896377e-001  5.3337769e-001
  3.7316493e-001  4.6450549e-001
  3.5639897e-001  5.2677976e-001
  4.6264360e-001  5.0399219e-001
  4.4939255e-001  4.8620235e-001
  4.5532877e-001  5.2769173e-001
  4.5350218e-001  4.6658189e-001
  4.5359421e-001  4.8326063e-001
  4.4877098e-001  5.0538695e-001
  4.6278786e-001  5.0587869e-001
  4.5205835e-001  5.0590061e-001
  4.5028397e-001  4.9455211e-001
  4.4949660e-001  5.2601780e-001
  4.4522240e-001  5.6256895e-001
  4.4814600e-001  5.9096002e-001
  4.5021634e-001  5.6134889e-001
  4.6263966e-001  6.0585346e-001
  4.6571695e-001  5.9514195e-001
  4.6408311e-001  6.1824914e-001
  4.6197425e-001  5.2444398e-001
  4.4893209e-001  5.6224141e-001
  4.4787940e-001  5.3644344e-001
  4.4935394e-001  5.9761186e-001
  4.4716871e-001  5.3267838e-001
  4.5293883e-001  6.1190104e-001
  4.6012668e-001  5.6730881e-001
  4.4947039e-001  6.1151071e-001
  4.6241372e-001  5.5530391e-001
  4.6132953e-001  5.4851101e-001
  4.4756388e-001  6.0579005e-001
  4.4941286e-001  6.0277327e-001
  4.4591689e-001  6.0303950e-001
  4.6006196e-001  5.4563064e-001
  4.6762013e-001  5.5937134e-001
  4.4818824e-001  6.2862889e-001
  4.6156629e-001  5.7736634e-001
  4.5806198e-001  6.0411547e-001
  4.5503806e-001  5.9448554e-001
  4.5345138e-001  5.5498868e-001
  4.6058461e-001  5.9576142e-001
  4.4611744e-001  5.5376003e-001
  4.6614454e-001  5.5146421e-001
  4.4873292e-001  6.1566069e-001
  4.6122109e-001  6.0467485e-001
  4.6569883e-001  5.5477626e-001
  4.4810968e-001  6.3137779e-001
  4.5788923e-001  5.9945486e-001
  4.4654997e-001  6.3905419e-001
  4.4992876e-001  5.5022204e-001
  4.5828483e-001  5.5745721e-001
  4.4534510e-001  5.9535256e-001
  4.4950611e-001  5.6304813e-001
  4.6686458e-001  6.3133937e-001
  4.6525987e-001  5.6767826e-001
  4.5535853e-001  6.2335097e-001
  4.4803921e-001  6.3892811e-001
  4.5822137e-001  6.1862762e-001
  4.6080223e-001  5.8642359e-001
  4.6018934e-001  6.0810593e-001
  4.6398031e-001  6.2965120e-001
  4.6714096e-001  5.7211244e-001
  4.5753076e-001  6.3788372e-001
  4.5190321e-001  5.6440471e-001
  4.6058638e-001  5.4970280e-001
  4.5420984e-001  6.3079506e-001
  4.4893381e-001  5.9478635e-001
  4.5037231e-001  5.5459716e-001
  4.6253058e-001  6.0044521e-001
  4.6132939e-001  6.3993991e-001
  4.6106593e-001  5.9712368e-001
  4.6088369e-001  6.3053240e-001
  4.5700952e-001  6.3274269e-001
 -5.9969436e-001  5.9230189e-001
 -6.1345605e-001  5.5778820e-001
 -6.1006621e-001  5.2493373e-001
 -5.9857796e-001  3.5856633e-001
 -6.0976370e-001  1.7119748e-001
 -6.1716959e-001 -7.3976544e-002
 -6.2094629e-001 -2.5077504e-001
 -6.2007530e-001 -4.7435616e-001
 -6.0508390e-001 -6.7779907e-001
 -6.1603564e-001 -8.5239025e-001
 -6.0343179e-001 -1.0402483e+000
 -6.2002505e-001 -1.2905237e+000
 -6.0572558e-001 -1.4495252e+000
 -6.0582827e-001 -1.5410041e+000
 -6.1398858e-001 -1.6817791e+000
 -6.1201093e-001 -1.8556615e+000
 -6.0205744e-001 -1.8686897e+000
 -6.1578589e-001 -2.0143010e+000
 -6.0132961e-001 -2.1214232e+000
 -6.1969875e-001 -2.1592797e+000
 -6.0972472e-001 -2.2433415e+000
 -6.1187317e-001 -2.3120752e+000
 -6.2174142e-001 -2.3470795e+000
 -6.0552008e-001 -2.3265468e+000
 -6.0523819e-001 -2.4315636e+000
 -5.9988479e-001 -2.4194793e+000
 -6.1506447e-001 -2.5144555e+000
 -6.0588207e-001 -2.5038572e+000
 -6.1085418e-001 -2.5032489e+000
 -6.0156800e-001 -2.5354379e+000
 -6.1840788e-001 -2.5539357e+000
 -6.0454384e-001 -2.5111748e+000
 -6.1401847e-001 -2.5949202e+000
 -6.1152342e-001 -2.5770521e+000
 -6.0527486e-001 -2.5600415e+000
 -6.1034928e-001 -2.5609113e+000
 -6.1157146e-001 -2.5952518e+000
 -6.0251315e-001 -2.6120388e+000
 -6.1238745e-001 -2.6464590e+000
 -6.1721090e-001 -2.6444227e+000
 -6.1092464e-001 -2.6118577e+000
 -5.9991091e-001 -2.6743871e+000
 -5.9853927e-001 -2.6181104e+000
 -6.0024835e-001 -2.6442865e+000
 -6.1085028e-001 -2.6677822e+000
 -6.1222847e-001 -2.6582606e+000
 -6.0432532e-001 -2.6697180e+000
 -6.1281985e-001 -2.6176586e+000
 -5.9921505e-001 -2.6203762e+000
 -6.0106515e-001 -2.6565173e+000
 -6.0053031e-001 -2.6550604e+000
 -5.9979133e-001 -2.6230425e+000
 -6.0288586e-001 -2.6331242e+000
 -6.1078973e-001 -2.6580973e+000
 -6.2076152e-001 -2.6008341e+000
 -6.1339483e-001 -2.6187943e+000
 -6.0365361e-001 -2.6727801e+000
 -6.1710496e-001 -2.6694734e+000
 -6.0604434e-001 -2.6868862e+000
 -6.0616656e-001 -2.6573584e+000
 -6.0070979e-001 -2.6406811e+000
 -6.1458346e-001 -2.6822725e+000
 -6.0024525e-001 -2.6715308e+000
 -6.1505839e-001 -2.6516715e+000
 -6.1736639e-001 -2.6394859e+000
 -6.1725612e-001 -2.6641132e+000
 -6.1200807e-001 -2.6324398e+000
 -6.1586786e-001 -2.6463134e+000
 -6.1908372e-001 -2.6075843e+000
 -7.8858533e-001 -2.6025196e+000
 -7.7653311e-001 -2.6771514e+000
 -7.9328201e-001 -2.7288555e+000
 -7.7787409e-001 -2.7410053e+000
 -7.7276160e-001 -2.8449493e+000
 -7.8767747e-001 -2.9050456e+000
 -7.7225596e-001 -3.0163955e+000
 -7.8259692e-001 -3.1392791e+000
 -7.9412233e-001 -3.2365132e+000
 -7.8783889e-001 -3.2918348e+000
 -7.7263338e-001 -3.3972127e+000
 -7.8734910e-001 -3.4558433e+000
 -7.8812569e-001 -3.5241962e+000
 -7.8382031e-001 -3.6042003e+000
 -7.8921791e-001 -3.6516650e+000
 -7.8199684e-001 -3.7228166e+000
 -7.7606510e-001 -3.7900680e+000
 -7.7973006e-001 -3.7766158e+000
 -7.7999477e-001 -3.8774762e+000
 -7.7606918e-001 -3.9242144e+000
 -7.9228588e-001 -3.8995113e+000
 -7.8385321e-001 -3.9852791e+000
 -7.8280207e-001 -3.9840490e+000
 -7.8843782e-001 -3.9676033e+000
 -7.9499696e-001 -3.9802792e+000
 -7.9571786e-001 -4.0649842e+000
 -7.9093358e-001 -4.0638248e+000
 -7.7901601e-001 -4.0843772e+000
 -7.7403551e-001 -4.0117164e+000
 -7.7980007e-001 -4.0201584e+000
 -7.8416537e-001 -4.0544845e+000
 -7.9006414e-001 -4.0883168e+000
 -7.7703835e-001 -4.1246822e+000
 -7.9174657e-001 -4.0441460e+000
 -7.7884116e-001 -4.0594632e+000
 -7.8156051e-001 -4.0543624e+000
 -7.8162827e-001 -4.1377861e+000
 -7.8548614e-001 -4.0699965e+000
 -7.7775630e-001 -4.0808816e+000
 -7.8521758e-001 -4.0737615e+000
 -7.8018326e-001 -4.1381331e+000
 -7.8850734e-001 -4.0781800e+000
 -7.7746569e-001 -4.0892794e+000
 -7.8851639e-001 -4.1048648e+000
 -7.7335271e-001 -4.1190725e+000
 -7.8558919e-001 -4.0924822e+000
 -7.8773480e-001 -4.0898507e+000
 -7.8075769e-001 -4.0786430e+000
 -7.8436887e-001 -4.0739670e+000
 -7.7969769e-001 -4.0903938e+000
 -7.8307271e-001 -4.0978638e+000
 -7.9281919e-001 -4.1581469e+000
 -7.8821831e-001 -4.1165526e+000
 -7.8609748e-001 -4.1137253e+000
 -7.9002321e-001 -4.1028905e+000
 -7.9095449e-001 -4.1269782e+000
 -7.8179450e-001 -4.1087826e+000
 -7.8622679e-001 -4.0675394e+000
 -7.8471762e-001 -4.1307580e+000
 -7.7771507e-001 -4.1150885e+000
 -7.7617150e-001 -4.1005011e+000
 -7.8821013e-001 -4.1109154e+000
 -7.9327236e-001 -4.1179843e+000
 -7.9425849e-001 -4.1267115e+000
 -7.8469855e-001 -4.0983169e+000
 -7.8025963e-001 -4.0818693e+000
 -7.8974199e-001 -4.0784634e+000
 -7.8281891e-001 -4.1458956e+000
 -7.8161519e-001 -4.1519749e+000
  6.6778160e-002 -4.1098380e+000
  5.8440225e-002 -4.1254451e+000
  6.6538808e-002 -3.9964060e+000
  4.9675370e-002 -3.7882053e+000
  5.7004639e-002 -3.5263505e+000
  5.6617410e-002 -3.2617543e+000
  4.9457223e-002 -2.9619472e+000
  5.5318052e-002 -2.6635898e+000
  5.8106822e-002 -2.4746725e+000
  5.3824776e-002 -2.1198714e+000
  5.4626027e-002 -1.9338957e+000
  6.3387920e-002 -1.6729491e+000
  6.6538495e-002 -1.5053424e+000
  6.4604370e-002 -1.3184672e+000
  6.8944740e-002 -1.1495330e+000
  4.8285116e-002 -9.9413670e-001
  6.7165915e-002 -8.1132388e-001
  5.5043802e-002 -7.0109002e-001
  5.1390971e-002 -6.2811573e-001
  6.6017446e-002 -4.8511871e-001
  4.8643623e-002 -4.2737290e-001
  6.5794311e-002 -4.0380256e-001
  4.6545757e-002 -3.2080068e-001
  6.3743439e-002 -2.1267378e-001
  4.6459485e-002 -1.9420849e-001
  6.1844985e-002 -1.7365428e-001
  5.2787880e-002 -1.7173110e-001
  4.7728043e-002 -6.4044038e-002
  6.6481213e-002 -1.0702332e-001
  6.5580163e-002 -6.4808152e-002
  5.2845852e-002 -3.3144127e-002
  6.7094521e-002  5.4258728e-003
  5.8950352e-002 -2.9804230e-002
  5.3167925e-002  6.1618344e-003
  6.6345925e-002  6.5157960e-002
  5.6032037e-002  6.3633001e-002
  5.5890090e-002  6.5122813e-002
  5.5691780e-002  2.3963007e-002
  4.6520754e-002  1.0515880e-001
  5.7327043e-002  9.5092234e-002
  6.1175337e-002  8.6941924e-002
  5.6484803e-002  5.9609624e-002
  6.7704342e-002  3.2820945e-002
  6.0128563e-002  1.2955841e-001
  5.0565390e-002  3.8944820e-002
  6.3989524e-002  7.0445790e-002
  4.5721517e-002  6.0119053e-002
  6.9388127e-002  4.8907982e-002
  5.3411621e-002  9.5746793e-002
  5.8309204e-002  7.8983978e-002
  6.9048303e-002  7.3505959e-002
  6.4185289e-002  9.8696498e-002
  4.6544695e-002  1.4278800e-001
  4.5733779e-002  1.0077649e-001
  5.2725938e-002  9.8211639e-002
  5.2536794e-002  7.4962325e-002
  5.4909939e-002  1.3790104e-001
  6.4826390e-002  1.0085704e-001
  5.5686516e-002  7.4194789e-002
  4.7181867e-002  1.4240406e-001
  5.4862219e-002  1.4658015e-001
  5.9928572e-002  1.3027776e-001
  5.4342390e-002  6.5310883e-002
  5.7828584e-002  1.0422750e-001
  4.7470324e-002  1.1086172e-001
  6.4582840e-002  5.5560540e-002
  6.2406119e-002  1.3583562e-001
  5.5783859e-002  1.2394297e-001
  6.1706791e-002  1.2062214e-001
  3.8222216e-001  9.2531160e-002
  3.7187943e-001  1.4214654e-001
  3.8112679e-001  1.1404046e-001
  3.7309923e-001  1.5074870e-001
  3.8512100e-001  1.9782869e-001
  3.8515454e-001  2.0363817e-001
  3.6801164e-001  2.3617106e-001
  3.6385249e-001  2.5727901e-001
  3.7830168e-001  2.5567041e-001
  3.7835944e-001  2.9810132e-001
  3.7675915e-001  2.8476853e-001
  3.6931567e-001  3.2541911e-001
  3.8400800e-001  3.3901136e-001
  3.8005208e-001  3.4805201e-001
  3.8455535e-001  4.2508186e-001
  3.7841968e-001  4.3086993e-001
  3.6910898e-001  4.5692696e-001
  3.7325077e-001  3.9751614e-001
  3.8019563e-001  4.3423388e-001
  3.8630964e-001  4.6570784e-001
  3.7963734e-001  4.9307247e-001
  3.7974755e-001  4.1928461e-001
  3.8205458e-001  5.0920151e-001
  3.8048482e-001  4.9799427e-001
  3.7045802e-001  4.9264199e-001
  3.7022740e-001  4.9445839e-001
  3.8614832e-001  4.9427174e-001
  3.7531683e-001  5.0256040e-001
  3.7338391e-001  5.1885384e-001
  3.8423079e-001  5.2867837e-001
  3.8269557e-001  4.9018862e-001
  3.7335926e-001  4.4853009e-001
  3.6393786e-001  4.9687734e-001
  3.6694246e-001  4.8286442e-001
  3.6722045e-001  4.4647509e-001
  3.6633999e-001  5.3024193e-001
  3.7838161e-001  4.6098647e-001
  3.7790036e-001  5.2738916e-001
  3.7628791e-001  5.1567990e-001
  3.7520772e-001  5.2344277e-001
  3.7682274e-001  4.4986716e-001
  3.7385422e-001  4.9929939e-001
  3.7182474e-001  4.7592873e-001
  3.8362035e-001  5.4488262e-001
  3.6767532e-001  4.8980594e-001
  3.7438531e-001  4.8027110e-001
  3.7419622e-001  4.8588835e-001
  3.8105117e-001  5.4536649e-001
  3.7825603e-001  4.7555409e-001
  3.7431405e-001  5.4554291e-001
  3.8057088e-001  4.9339954e-001
  3.8607807e-001  5.0875778e-001
  3.8557491e-001  5.4751225e-001
  3.6897177e-001  5.4272259e-001
  3.7497452e-001  5.1935891e-001
  3.6514340e-001  5.4690000e-001
  3.8620800e-001  4.7612128e-001
  3.7992142e-001  5.0919807e-001
  3.8303681e-001  5.0285120e-001
  3.7958557e-001  5.4573649e-001
  3.6838244e-001  4.7144152e-001
  3.7030826e-001  5.2000470e-001
  3.6973642e-001  5.4531903e-001
  3.6900513e-001  4.7492217e-001
  3.7286894e-001  4.8460228e-001
  3.7669821e-001  4.6785397e-001
  3.6403795e-001  5.3046885e-001
  3.7459051e-001  4.5577320e-001
  3.8329531e-001  5.2901133e-001
 -2.7481182e-001  5.2975809e-001
 -2.7555900e-001  4.6112194e-001
 -2.7107517e-001  4.7485271e-001
 -2.6658257e-001  4.0956076e-001
 -2.8395926e-001  3.0742513e-001
 -2.6629837e-001  2.7230468e-001
 -2.6574797e-001  1.3964449e-001
 -2.6535959e-001  6.2958090e-002
 -2.6334837e-001 -8.7291906e-003
 -2.6799377e-001 -5.5460380e-002
 -2.7218085e-001 -2.0914743e-001
 -2.7156378e-001 -1.9766267e-001
 -2.8195807e-001 -2.4436079e-001
 -2.6937543e-001 -3.6140346e-001
 -2.6351104e-001 -4.3579632e-001
 -2.6151575e-001 -4.1981006e-001
 -2.7382443e-001 -4.7127517e-001
 -2.6246745e-001 -5.4756136e-001
 -2.7030305e-001 -5.9910538e-001
 -2.6699476e-001 -6.0495472e-001
 -2.6245852e-001 -6.0239123e-001
 -2.6582243e-001 -6.4718500e-001
 -2.6925147e-001 -6.3629479e-001
 -2.7947230e-001 -6.7181172e-001
 -2.6145262e-001 -6.3409740e-001
 -2.6265781e-001 -7.2308065e-001
 -2.6127555e-001 -6.9424574e-001
 -2.6923310e-001 -7.2196815e-001
 -2.8327943e-001 -7.4317639e-001
 -2.7592048e-001 -7.2803919e-001
 -2.7815398e-001 -7.4189129e-001
 -2.7011559e-001 -7.1945817e-001
 -2.7298505e-001 -7.7782485e-001
 -2.6417263e-001 -7.8785138e-001
 -2.7590789e-001 -7.9604329e-001
 -2.7169527e-001 -7.9141486e-001
 -2.6497633e-001 -7.2462046e-001
 -2.7697039e-001 -7.3413085e-001
 -2.6366717e-001 -7.2823382e-001
 -2.7239701e-001 -7.4969422e-001
 -2.7446721e-001 -7.4303426e-001
 -2.7209071e-001 -7.5760032e-001
 -2.7985289e-001 -7.9844979e-001
 -2.8280208e-001 -8.0462643e-001
 -2.7348416e-001 -8.0127412e-001
 -2.7852405e-001 -8.0999286e-001
 -2.6649386e-001 -7.4721890e-001
 -2.8011201e-001 -7.8116464e-001
 -2.6103730e-001 -7.2495931e-001
 -2.7783492e-001 -7.4271172e-001
 -2.7780847e-001 -7.4218353e-001
 -2.7632233e-001 -7.4604723e-001
 -2.7183778e-001 -7.7120468e-001
 -2.7447330e-001 -7.3237368e-001
 -2.7286874e-001 -7.4859646e-001
 -2.7768726e-001 -7.6891073e-001
 -2.7907738e-001 -7.3943877e-001
 -2.7637980e-001 -7.5031791e-001
 -2.6999463e-001 -7.6495776e-001
 -2.8030671e-001 -7.8992045e-001
 -2.6853169e-001 -7.6956136e-001
 -2.8066088e-001 -7.7871643e-001
 -2.7049421e-001 -8.2191785e-001
 -2.7854328e-001 -7.5931266e-001
 -2.6600466e-001 -8.1759293e-001
 -2.8195156e-001 -7.5501514e-001
 -2.8286020e-001 -7.4040580e-001
 -2.7915171e-001 -7.9816163e-001
 -2.6087841e-001 -7.6728328e-001
  2.7925880e-001 -7.8290175e-001
  2.7161595e-001 -7.9915414e-001
  2.6959083e-001 -7.8473780e-001
  2.7162977e-001 -6.5282048e-001
  2.8068927e-001 -6.2357459e-001
  2.6032859e-001 -5.6920670e-001
  2.5789403e-001 -5.1060739e-001
  2.6576571e-001 -3.9333779e-001
  2.8037169e-001 -2.6668127e-001
  2.6963364e-001 -2.0499579e-001
  2.7080614e-001 -2.1829465e-001
  2.6621164e-001 -1.1274134e-001
  2.7452863e-001 -8.5058993e-002
  2.7101836e-001 -3.4420112e-002
  2.7557854e-001  7.8588888e-002
  2.8061902e-001  1.0513230e-001
  2.6057352e-001  1.1624049e-001
  2.7138091e-001  1.6875592e-001
  2.7303307e-001  1.9467678e-001
  2.6412912e-001  2.0945127e-001
  2.7115936e-001  2.5860630e-001
  2.7684395e-001  2.3038473e-001
  2.8149482e-001  2.9015729e-001
  2.6465023e-001  3.2920758e-001
  2.8126707e-001  2.9538174e-001
  2.7814884e-001  2.6657828e-001
  2.5828744e-001  3.1883208e-001
  2.6004551e-001  3.0001816e-001
  2.6289705e-001  3.3065483e-001
  2.6541824e-001  3.5178883e-001
  2.7666874e-001  3.4889818e-001
  2.7866904e-001  3.0839804e-001
  2.5839918e-001  3.1676380e-001
  2.6988414e-001  4.0620039e-001
  2.7840676e-001  3.9973549e-001
  2.7835479e-001  3.8352843e-001
  2.7760700e-001  3.5547145e-001
  2.7175579e-001  3.6348843e-001
  2.7414610e-001  3.8609183e-001
  2.5788980e-001  3.7638854e-001
  2.7349148e-001  3.5249117e-001
  2.7067516e-001  3.9477250e-001
  2.7297981e-001  4.1921415e-001
  2.6262099e-001  4.0764478e-001
  2.7024132e-001  3.5303256e-001
  2.7875429e-001  3.8220658e-001
  2.6903331e-001  3.3507010e-001
  2.7176927e-001  3.9525394e-001
  2.7597228e-001  3.8435524e-001
  2.6702736e-001  3.4346359e-001
  2.7165211e-001  4.1120394e-001
  2.6968966e-001  3.3583105e-001
  2.6168648e-001  3.4469464e-001
  2.8157860e-001  4.2702611e-001
  2.6268905e-001  4.0097719e-001
  2.5839879e-001  3.4837487e-001
  2.6557938e-001  3.9860411e-001
  2.5847120e-001  3.8456842e-001
  2.6911428e-001  3.6922331e-001
  2.5884416e-001  4.2479485e-001
  2.7933867e-001  3.5013186e-001
  2.5995236e-001  3.9988599e-001
  2.5962965e-001  3.8324414e-001
  2.7876866e-001  4.2659931e-001
  2.6484180e-001  4.2732235e-001
  2.6529682e-001  4.1692102e-001
  2.6772113e-001  3.6235758e-001
  2.6992342e-001  4.0523336e-001
  2.7656415e-001  4.0760832e-001
 -1.4640398e-001  3.4102600e-001
 -1.4060740e-001  4.0313495e-001
 -1.3758527e-001  3.3948057e-001
 -1.4751940e-001  3.4838443e-001
 -1.4239184e-001  3.2531393e-001
 -1.3820762e-001  2.8176599e-001
 -1.3917209e-001  1.6106493e-001
 -1.2923322e-001  1.1713053e-001
 -1.3668749e-001  8.4638169e-002
 -1.3748756e-001  8.0718683e-002
 -1.3239341e-001 -2.1125610e-002
 -1.4376950e-001 -5.1398799e-002
 -1.4690181e-001 -2.0000027e-002
 -1.3002479e-001 -1.0457245e-001
 -1.3253910e-001 -1.0322312e-001
 -1.3131100e-001 -1.0008590e-001
 -1.4030034e-001 -1.9975585e-001
 -1.3093261e-001 -1.6807006e-001
 -1.3825133e-001 -1.6554129e-001
 -1.4794149e-001 -2.6683057e-001
 -1.3606602e-001 -2.4836178e-001
 -1.5027000e-001 -2.4230755e-001
 -1.3092716e-001 -2.9040494e-001
 -1.2834095e-001 -2.5379515e-001
 -1.4870950e-001 -3.1509811e-001
 -1.4407428e-001 -2.6481999e-001
 -1.2927431e-001 -3.1929307e-001
 -1.3866883e-001 -2.6925995e-001
 -1.3876071e-001 -3.1673884e-001
 -1.2869997e-001 -3.4554352e-001
 -1.2862225e-001 -3.1987141e-001
 -1.3610046e-001 -2.8880534e-001
 -1.3124957e-001 -3.6394197e-001
 -1.4294310e-001 -3.0521505e-001
 -1.4994988e-001 -2.7139075e-001
 -1.3992426e-001 -2.8589171e-001
 -1.4294036e-001 -3.0083829e-001
 -1.4874576e-001 -2.8867491e-001
 -1.3617043e-001 -2.7742469e-001
 -1.4691466e-001 -3.0282621e-001
 -1.4473512e-001 -2.8627567e-001
 -1.3060556e-001 -3.0971662e-001
 -1.4511620e-001 -3.4281287e-001
 -1.5024185e-001 -3.4953631e-001
 -1.5031938e-001 -3.2352069e-001
 -1.4194731e-001 -3.2664197e-001
 -1.5067495e-001 -3.6234491e-001
 -1.4497497e-001 -3.0578748e-001
 -1.4439775e-001 -3.4114048e-001
 -1.3909816e-001 -2.9070125e-001
 -1.4926717e-001 -3.7796028e-001
 -1.4996789e-001 -3.6671021e-001
 -1.5021537e-001 -3.3087999e-001
 -1.5016714e-001 -3.7033612e-001
 -1.3877880e-001 -3.7080276e-001
 -1.3706696e-001 -3.2440619e-001
 -1.4913533e-001 -3.7419262e-001
 -1.4854420e-001 -3.3173874e-001
 -1.4994541e-001 -3.1699743e-001
 -1.3142251e-001 -3.6240142e-001
 -1.5178157e-001 -3.6182352e-001
 -1.3651273e-001 -2.9710742e-001
 -1.3369941e-001 -3.3274426e-001
 -1.3737923e-001 -3.2754238e-001
 -1.5093142e-001 -3.4749930e-001
 -1.2864422e-001 -2.8547036e-001
 -1.4729916e-001 -3.7665268e-001
 -1.4452290e-001 -3.0038967e-001
 -1.4707540e-001 -3.8041660e-001
 -5.9323125e-001 -3.2787509e-001
 -5.9949794e-001 -3.0131484e-001
 -5.8763107e-001 -3.6690719e-001
 -5.8569563e-001 -5.3384334e-001
 -5.9169106e-001 -6.2244439e-001
 -5.8854698e-001 -7.5140653e-001
 -6.0207121e-001 -8.7946408e-001
 -5.9932644e-001 -1.0186595e+000
 -5.8122636e-001 -1.1939836e+000
 -5.8628995e-001 -1.2944492e+000
 -5.9059679e-001 -1.4457356e+000
 -5.9432560e-001 -1.6293824e+000
 -5.9803860e-001 -1.7034445e+000
 -5.9879259e-001 -1.8023101e+000
 -5.9524043e-001 -1.9131364e+000
 -6.0121519e-001 -1.9899859e+000
 -5.9455249e-001 -2.0649096e+000
 -5.8755254e-001 -2.0710343e+000
 -5.8942562e-001 -2.1124345e+000
 -5.9669183e-001 -2.1890935e+000
 -5.8483293e-001 -2.2406854e+000
 -5.9802290e-001 -2.2827268e+000
 -6.0019073e-001 -2.2741955e+000
 -5.9468262e-001 -2.3556080e+000
 -5.9403955e-001 -2.3679423e+000
 -5.9904263e-001 -2.4041546e+000
 -6.0272196e-001 -2.3514781e+000
 -5.8174148e-001 -2.4541871e+000
 -5.9811447e-001 -2.3848914e+000
 -5.8294609e-001 -2.3982262e+000
 -5.9738056e-001 -2.4084523e+000
 -5.9519009e-001 -2.4935065e+000
 -5.8744436e-001 -2.5062818e+000
 -5.9753572e-001 -2.4787635e+000
 -5.8661408e-001 -2.4623728e+000
 -5.9306992e-001 -2.4812632e+000
 -5.9792332e-001 -2.5128101e+000
 -5.9594851e-001 -2.4896061e+000
 -5.8853252e-001 -2.4891613e+000
 -6.0340968e-001 -2.5402606e+000
 -6.0025284e-001 -2.5290611e+000
 -5.9167578e-001 -2.5207825e+000
 -5.8929809e-001 -2.4823331e+000
 -5.9644966e-001 -2.5441875e+000
 -5.8577545e-001 -2.4756495e+000
 -5.8725198e-001 -2.5160843e+000
 -5.8552242e-001 -2.4645256e+000
 -5.9645288e-001 -2.4757469e+000
 -5.9776540e-001 -2.5500292e+000
 -5.8089381e-001 -2.5518158e+000
 -5.8486608e-001 -2.5481601e+000
 -5.9283347e-001 -2.5619073e+000
 -6.0034952e-001 -2.4977239e+000
 -5.9816681e-001 -2.5490329e+000
 -5.8972128e-001 -2.5654693e+000
 -6.0209034e-001 -2.5417039e+000
 -5.8888248e-001 -2.4901562e+000
 -5.9782630e-001 -2.5255281e+000
 -5.8981495e-001 -2.5546941e+000
 -5.9831597e-001 -2.4977348e+000
 -5.8887624e-001 -2.5351800e+000
 -5.9222811e-001 -2.4950194e+000
 -5.9650786e-001 -2.5133075e+000
 -5.9968328e-001 -2.5192168e+000
 -5.9151382e-001 -2.5164087e+000
 -6.0271498e-001 -2.4948834e+000
 -5.9386499e-001 -2.5061871e+000
 -5.8583137e-001 -2.5523724e+000
 -5.9733543e-001 -2.5040314e+000
  2.0621989e-001 -2.5220493e+000
  1.9232734e-001 -2.5190397e+000
  1.8309874e-001 -2.4699666e+000
  1.9830476e-001 -2.3349673e+000
  1.8490861e-001 -2.1173452e+000
  1.8900309e-001 -1.9531617e+000
  1.9890253e-001 -1.7548182e+000
  1.8894747e-001 -1.5747368e+000
  1.9750603e-001 -1.4346233e+000
  1.9868401e-001 -1.2074052e+000
  1.9423931e-001 -1.0775606e+000
  1.8552679e-001 -9.3639690e-001
  2.0070517e-001 -7.7847255e-001
  2.0259976e-001 -6.5994438e-001
  1.9762378e-001 -5.3908510e-001
  1.8564157e-001 -4.0176331e-001
  2.0363219e-001 -3.5680242e-001
  2.0508031e-001 -3.0175234e-001
  1.8721384e-001 -1.7880277e-001
  1.9701727e-001 -1.0255500e-001
  1.9894630e-001 -3.1905248e-002
  2.0624256e-001  1.2601304e-002
  1.9166497e-001  3.4388045e-002
  1.8584951e-001  8.7307345e-003
  1.9247412e-001  7.2315027e-002
  1.9999504e-001  1.2274509e-001
  2.0550763e-001  9.9486375e-002
  1.8970124e-001  1.4284844e-001
  1.9861247e-001  1.8833679e-001
  1.8402565e-001  1.5447634e-001
  2.0453407e-001  2.2201693e-001
  1.9023308e-001  2.1334850e-001
  2.0457591e-001  2.3134176e-001
  2.0487231e-001  2.3874268e-001
  1.9755064e-001  2.8000096e-001
  1.8920783e-001  2.2446990e-001
  1.9238267e-001  2.6240557e-001
  1.9876681e-001  2.5093987e-001
  1.9738850e-001  2.6350372e-001
  1.9133676e-001  3.2545699e-001
  2.0000286e-001  2.3488233e-001
  1.9861780e-001  2.7707547e-001
  1.9113082e-001  3.2004830e-001
  1.8354695e-001  3.3395851e-001
  2.0276400e-001  3.2692681e-001
  1.9409427e-001  2.4194811e-001
  2.0703181e-001  2.6113632e-001
  1.8470272e-001  2.6539129e-001
  1.9735010e-001  2.6032572e-001
  1.9223634e-001  2.7709416e-001
  1.8309475e-001  3.0103646e-001
  2.0105924e-001  2.5864134e-001
  1.8339117e-001  2.5498476e-001
  1.9755509e-001  2.9254707e-001
  1.9846287e-001  3.2144265e-001
  2.0083647e-001  3.4253586e-001
  1.9594956e-001  2.8708178e-001
  1.9641911e-001  3.2562215e-001
  1.9191995e-001  2.9625795e-001
  2.0278206e-001  2.9027430e-001
  1.8807629e-001  3.3905358e-001
  2.0399485e-001  3.3631742e-001
  2.0526901e-001  2.6586105e-001
  2.0166856e-001  3.3913237e-001
  1.8381085e-001  3.1200376e-001
  2.0098782e-001  2.7608550e-001
  1.9979712e-001  2.8267291e-001
  1.9626362e-001  3.3472951e-001
  2.0069743e-001  2.5102772e-001
  2.2260826e-001  3.3501916e-001
  2.4152576e-001  2.4897322e-001
  2.2967252e-001  2.9065456e-001
  2.2249096e-001  2.9247455e-001
  2.2694310e-001  2.9828846e-001
  2.3456625e-001  3.3978416e-001
  2.2105076e-001  2.9697452e-001
  2.3546206e-001  2.6472797e-001
  2.3935331e-001  3.3435417e-001
  2.3456702e-001  3.3164051e-001
  2.2046688e-001  3.2875226e-001
  2.2690351e-001  3.6566112e-001
  2.3497327e-001  2.8407467e-001
  2.2821866e-001  3.7528321e-001
  2.2396356e-001  3.5440916e-001
  2.3777250e-001  3.3610642e-001
  2.3228175e-001  3.6067737e-001
  2.1842845e-001  3.5768170e-001
  2.3794987e-001  3.7825433e-001
  2.3638690e-001  3.1783436e-001
  2.3488820e-001  2.8877412e-001
  2.3095566e-001  3.8335345e-001
  2.3338577e-001  3.1946472e-001
  2.1799227e-001  3.7098953e-001
  2.2232287e-001  3.5141566e-001
  2.2725591e-001  2.9269633e-001
  2.2941257e-001  3.4413954e-001
  2.2986994e-001  3.7447244e-001
  2.2801360e-001  3.5560082e-001
  2.4029883e-001  2.8979108e-001
  2.3558253e-001  3.0241375e-001
  2.2194857e-001  3.4759011e-001
  2.3024670e-001  3.7713034e-001
  2.2874495e-001  3.8116219e-001
  2.3444645e-001  3.3716499e-001
  2.4019477e-001  2.9022959e-001
  2.3857774e-001  3.4346412e-001
  2.2523758e-001  3.7189024e-001
  2.1849779e-001  2.9885113e-001
  2.3487525e-001  3.5630067e-001
  2.2303469e-001  3.7007603e-001
  2.1916325e-001  3.3110046e-001
  2.2162722e-001  3.0509901e-001
  2.3027000e-001  3.4078372e-001
  2.1961560e-001  3.5222808e-001
  2.1950259e-001  3.3721912e-001
  2.3867761e-001  3.8829428e-001
  2.2456311e-001  2.9146344e-001
  2.2049205e-001  3.2867084e-001
  2.2269473e-001  2.8992537e-001
  2.1985527e-001  3.6797581e-001
  2.2772716e-001  3.4937173e-001
  2.3603987e-001  3.4510796e-001
  2.3675105e-001  3.7493048e-001
  2.1865393e-001  3.1198587e-001
  2.3134014e-001  3.5279431e-001
  2.3001256e-001  3.5437758e-001
  2.4014283e-001  3.0425435e-001
  2.3635710e-001  3.2877951e-001
  2.2512979e-001  3.7217558e-001
  2.3754855e-001  3.4505306e-001
  2.4079943e-001  3.6983008e-001
  2.2240060e-001  3.5859179e-001
  2.2651490e-001  3.6151051e-001
  2.1824976e-001  3.5229633e-001
  2.3064924e-001  3.5675701e-001
  2.3025939e-001  3.2034151e-001
  2.2278980e-001  3.4966666e-001
  2.3605351e-001  3.6827225e-001
 -2.4345492e-001  3.5767102e-001
 -2.4732615e-001  3.0308023e-001
 -2.5746277e-001  2.7661232e-001
 -2.4097519e-001  3.1066428e-001
 -2.4866324e-001  1.9793193e-001
 -2.5442641e-001  1.7098302e-001
 -2.5320987e-001  3.5694258e-002
 -2.4553954e-001  3.8164518e-003
 -2.6172495e-001 -5.4876943e-002
 -2.5502695e-001 -1.2984114e-001
 -2.4454281e-001 -1.5187533e-001
 -2.5829670e-001 -2.8500111e-001
 -2.5022827e-001 -2.5642491e-001
 -2.3850941e-001 -3.5736907e-001
 -2.5222938e-001 -3.6826831e-001
 -2.5648805e-001 -4.1099859e-001
 -2.4225034e-001 -4.3495030e-001
 -2.4096029e-001 -5.1711533e-001
 -2.5667628e-001 -5.2749674e-001
 -2.4522097e-001 -4.9720907e-001
 -2.5047340e-001 -5.4323700e-001
 -2.4722483e-001 -5.2944899e-001
 -2.5237472e-001 -6.0053183e-001
 -2.5278943e-001 -5.9090745e-001
 -2.4568734e-001 -5.6894791e-001
 -2.4308374e-001 -6.0227284e-001
 -2.4445953e-001 -5.9905886e-001
 -2.5325186e-001 -6.1738473e-001
 -2.4394468e-001 -6.3178302e-001
 -2.6176255e-001 -6.9844189e-001
 -2.4680871e-001 -6.1125066e-001
 -2.4169439e-001 -7.0127607e-001
 -2.5622228e-001 -6.4097562e-001
 -2.5137635e-001 -6.7882840e-001
 -2.5555988e-001 -6.8926853e-001
 -2.5655285e-001 -6.4640711e-001
 -2.4094479e-001 -6.2731886e-001
 -2.3916533e-001 -7.1147349e-001
 -2.5421343e-001 -6.4106538e-001
 -2.4614673e-001 -6.3588179e-001
 -2.6029021e-001 -6.7106828e-001
 -2.6095734e-001 -7.0978809e-001
 -2.5098543e-001 -7.2497692e-001
 -2.4117077e-001 -6.4399351e-001
 -2.5573845e-001 -6.6217428e-001
 -2.4029978e-001 -6.3911943e-001
 -2.5257685e-001 -7.0420991e-001
 -2.3801983e-001 -6.8037636e-001
 -2.6022683e-001 -7.0564711e-001
 -2.5352899e-001 -7.0459596e-001
 -2.6168658e-001 -6.4183414e-001
 -2.5140304e-001 -7.1262441e-001
 -2.5655724e-001 -6.6489063e-001
 -2.4884274e-001 -7.0191081e-001
 -2.5647173e-001 -6.5241525e-001
 -2.4552451e-001 -7.0273997e-001
 -2.5703223e-001 -6.7787311e-001
 -2.5455370e-001 -7.2571443e-001
 -2.5810573e-001 -7.2401959e-001
 -2.4970426e-001 -7.3666896e-001
 -2.6176512e-001 -6.9314368e-001
 -2.5551176e-001 -6.4148002e-001
 -2.4029711e-001 -6.6536449e-001
 -2.4715380e-001 -6.4746591e-001
 -2.4365485e-001 -7.3132045e-001
 -2.5225423e-001 -6.7626615e-001
 -2.5354287e-001 -6.4338576e-001
 -2.5679236e-001 -6.9769894e-001
 -2.5835836e-001 -6.8007014e-001
 -6.1820958e-001 -6.7540370e-001
 -6.1212548e-001 -7.1521807e-001
 -6.1579737e-001 -7.5292110e-001
 -6.0214746e-001 -8.0811378e-001
 -6.1582277e-001 -9.0355669e-001
 -6.1227902e-001 -1.0665378e+000
 -6.0125402e-001 -1.1737921e+000
 -6.1198034e-001 -1.3537806e+000
 -6.1250257e-001 -1.4713811e+000
 -6.0036932e-001 -1.5826992e+000
 -5.9979208e-001 -1.6638575e+000
 -6.0897816e-001 -1.8349536e+000
 -5.9977687e-001 -1.9311345e+000
 -6.1187872e-001 -1.9601658e+000
 -6.1890228e-001 -2.0665097e+000
 -6.0487167e-001 -2.1379983e+000
 -6.1993221e-001 -2.1889358e+000
 -6.0164782e-001 -2.3014508e+000
 -6.0963290e-001 -2.3260182e+000
 -5.9869170e-001 -2.3292779e+000
 -6.1907708e-001 -2.4337761e+000
 -6.0949504e-001 -2.4469701e+000
 -6.0306189e-001 -2.4816435e+000
 -6.1362906e-001 -2.4318757e+000
 -6.1468933e-001 -2.5286993e+000
 -6.0541955e-001 -2.4924718e+000
 -6.1633983e-001 -2.5324197e+000
 -6.0692941e-001 -2.5481905e+000
 -6.1344203e-001 -2.5494208e+000
 -6.1402223e-001 -2.6215082e+000
 -6.1454874e-001 -2.6296823e+000
 -6.1414771e-001 -2.6058144e+000
 -6.2074388e-001 -2.6504786e+000
 -6.0282307e-001 -2.5705464e+000
 -6.0748863e-001 -2.6501157e+000
 -6.2111823e-001 -2.5775386e+000
 -6.1512790e-001 -2.5754334e+000
 -6.2121743e-001 -2.6623864e+000
 -6.0082809e-001 -2.6384181e+000
 -6.1658436e-001 -2.5849283e+000
 -6.0894289e-001 -2.6716234e+000
 -6.1619240e-001 -2.6251464e+000
 -6.0302727e-001 -2.6631800e+000
 -6.1251763e-001 -2.6079301e+000
 -6.1443221e-001 -2.6386825e+000
 -5.9852575e-001 -2.6239748e+000
 -6.0491735e-001 -2.6415914e+000
 -6.1091430e-001 -2.6891839e+000
 -5.9831499e-001 -2.6910619e+000
 -6.0448070e-001 -2.5983983e+000
 -6.1850137e-001 -2.6147870e+000
 -6.0942486e-001 -2.6504224e+000
 -6.1723155e-001 -2.6576186e+000
 -6.0462985e-001 -2.6253789e+000
 -6.0636379e-001 -2.6345589e+000
 -6.1447003e-001 -2.6573021e+000
 -6.1655160e-001 -2.6872207e+000
 -6.1482543e-001 -2.6601357e+000
 -6.0033108e-001 -2.6069171e+000
 -6.1812873e-001 -2.6732026e+000
 -6.0313465e-001 -2.6080711e+000
 -6.1988820e-001 -2.6437451e+000
 -6.0864935e-001 -2.6559510e+000
 -6.0460377e-001 -2.6337905e+000
 -6.0896394e-001 -2.6318160e+000
 -6.1236529e-001 -2.6419033e+000
 -6.0195277e-001 -2.6753536e+000
 -6.0277817e-001 -2.6797372e+000
 -6.1021792e-001 -2.6623987e+000
 -5.8918537e-001 -2.6133149e+000
 -6.0088701e-001 -2.6936168e+000
 -5.9900671e-001 -2.5967427e+000
 -6.0399462e-001 -2.6800929e+000
 -5.9398132e-001 -2.6576156e+000
 -5.9581028e-001 -2.6748548e+000
 -6.0429878e-001 -2.6483727e+000
 -5.8450967e-001 -2.6558794e+000
 -5.8713548e-001 -2.5996615e+000
 -5.8495489e-001 -2.6322852e+000
 -5.9671440e-001 -2.5729738e+000
 -5.9702819e-001 -2.6257305e+000
 -5.9574228e-001 -2.5867804e+000
 -5.8515653e-001 -2.5891121e+000
 -5.9286155e-001 -2.5298986e+000
 -6.0539576e-001 -2.5226287e+000
 -5.8734304e-001 -2.5890568e+000
 -6.0689802e-001 -2.5939416e+000
 -5.9624945e-001 -2.5736831e+000
 -6.0255132e-001 -2.5695206e+000
 -6.0080325e-001 -2.6079103e+000
 -5.9473651e-001 -2.5229488e+000
 -5.9530860e-001 -2.5943159e+000
 -5.9884315e-001 -2.5538530e+000
 -5.9471932e-001 -2.5606542e+000
 -5.9838787e-001 -2.5501768e+000
 -5.9255671e-001 -2.5211142e+000
 -5.9993267e-001 -2.5068362e+000
 -5.8905985e-001 -2.5540707e+000
 -6.0782117e-001 -2.5038832e+000
 -5.8459617e-001 -2.5701746e+000
 -5.8989914e-001 -2.5481232e+000
 -5.8581419e-001 -2.5570325e+000
 -5.9252485e-001 -2.5043520e+000
 -6.0540051e-001 -2.5169422e+000
 -5.8427953e-001 -2.5532308e+000
 -6.0003887e-001 -2.5071916e+000
 -5.8589957e-001 -2.5792501e+000
 -6.0535029e-001 -2.5075926e+000
 -5.8728448e-001 -2.5088190e+000
 -5.9363873e-001 -2.5674208e+000
 -5.8821401e-001 -2.5674609e+000
 -6.0179363e-001 -2.5825062e+000
 -5.9837008e-001 -2.5493416e+000
 -5.9967003e-001 -2.5916156e+000
 -6.0245525e-001 -2.5790302e+000
 -5.8639851e-001 -2.5664139e+000
 -5.9893098e-001 -2.5745396e+000
 -5.9165189e-001 -2.5670543e+000
 -6.0228898e-001 -2.5015093e+000
 -6.0095786e-001 -2.5388679e+000
 -5.8768709e-001 -2.5407370e+000
 -5.9383947e-001 -2.5702048e+000
 -5.9514060e-001 -2.5369834e+000
 -6.0635054e-001 -2.5032267e+000
 -5.8743893e-001 -2.5186814e+000
 -6.0082055e-001 -2.5902900e+000
 -6.0578000e-001 -2.5819523e+000
 -6.0762829e-001 -2.5311016e+000
 -5.9536056e-001 -2.5893309e+000
 -6.0299642e-001 -2.5703798e+000
 -5.9893775e-001 -2.5098253e+000
 -5.8728293e-001 -2.5057884e+000
 -6.0154384e-001 -2.5005465e+000
 -6.0224711e-001 -2.5413432e+000
 -5.8870157e-001 -2.5177782e+000
 -5.9393284e-001 -2.5898910e+000
 -6.0334311e-001 -2.5448691e+000
 -6.0783345e-001 -2.5243775e+000
 -1.7496595e-001 -2.5724112e+000
 -1.6893859e-001 -2.5060709e+000
 -1.6342442e-001 -2.5296104e+000
 -1.7069811e-001 -2.3401991e+000
 -1.8449001e-001 -2.2587343e+000
 -1.7442453e-001 -2.1326895e+000
 -1.6394046e-001 -1.9797741e+000
 -1.7266770e-001 -1.8762082e+000
 -1.8565152e-001 -1.7474647e+000
 -1.7434450e-001 -1.5398481e+000
 -1.8331860e-001 -1.4523331e+000
 -1.7864478e-001 -1.3168268e+000
 -1.6499464e-001 -1.1949329e+000
 -1.7744632e-001 -1.1506676e+000
 -1.8079748e-001 -1.0438106e+000
 -1.8649834e-001 -9.9438896e-001
 -1.6675867e-001 -8.7214267e-001
 -1.7122788e-001 -8.4338246e-001
 -1.6804543e-001 -7.6293035e-001
 -1.6408992e-001 -7.6307988e-001
 -1.7309563e-001 -7.1105298e-001
 -1.8498404e-001 -6.3255051e-001
 -1.7816258e-001 -6.1204096e-001
 -1.7675285e-001 -5.9300577e-001
 -1.8518764e-001 -5.6511703e-001
 -1.8611661e-001 -6.1579066e-001
 -1.6846952e-001 -5.9614811e-001
 -1.8616004e-001 -5.6999496e-001
 -1.8549038e-001 -5.2010221e-001
 -1.7145083e-001 -5.4032289e-001
 -1.6797070e-001 -4.9978567e-001
 -1.7021747e-001 -5.1038423e-001
 -1.8320174e-001 -5.1276905e-001
 -1.8039554e-001 -4.5870574e-001
 -1.7573226e-001 -4.6026148e-001
 -1.8088148e-001 -4.2067372e-001
 -1.7325885e-001 -5.0110177e-001
 -1.8582869e-001 -4.7099703e-001
 -1.7795212e-001 -4.9702841e-001
 -1.7614468e-001 -4.0907787e-001
 -1.7737534e-001 -4.1595287e-001
 -1.8609300e-001 -4.4706044e-001
 -1.8175466e-001 -4.6956817e-001
 -1.6850483e-001 -4.4314701e-001
 -1.7061788e-001 -4.3452051e-001
 -1.7399856e-001 -4.3826947e-001
 -1.8014693e-001 -4.3835625e-001
 -1.7729432e-001 -4.1272995e-001
 -1.6970341e-001 -4.5762927e-001
 -1.7511834e-001 -4.6238939e-001
 -1.8052940e-001 -4.6587450e-001
 -1.7736591e-001 -4.6881368e-001
 -1.6812186e-001 -4.1052206e-001
 -1.6731880e-001 -4.8319148e-001
 -1.8017794e-001 -3.9675132e-001
 -1.8257069e-001 -4.0381068e-001
 -1.6889883e-001 -4.0152357e-001
 -1.6819221e-001 -4.5793631e-001
 -1.6290529e-001 -4.5945711e-001
 -1.7230659e-001 -4.4989558e-001
 -1.7632247e-001 -4.5504245e-001
 -1.6276464e-001 -4.3423929e-001
 -1.7891549e-001 -3.9841104e-001
 -1.8266878e-001 -4.7326941e-001
 -1.6917052e-001 -4.0556693e-001
 -1.7058853e-001 -3.8400496e-001
 -1.6599122e-001 -4.7360351e-001
 -1.7689243e-001 -4.1493100e-001
 -1.8319303e-001 -4.0554372e-001
 -2.2293645e-001 -4.3292314e-001
 -2.3475586e-001 -4.6355995e-001
 -2.3514223e-001 -4.7967803e-001
 -2.3618296e-001 -4.8503746e-001
 -2.2727314e-001 -4.2037230e-001
 -2.3383856e-001 -4.3807645e-001
 -2.3607409e-001 -4.9812011e-001
 -2.2516108e-001 -4.6777806e-001
 -2.2503218e-001 -5.0336632e-001
 -2.2071558e-001 -5.6408809e-001
 -2.1902041e-001 -5.3470012e-001
 -2.1975647e-001 -5.6873258e-001
 -2.1938769e-001 -5.2641901e-001
 -2.2925974e-001 -5.6476445e-001
 -2.1976155e-001 -5.2793241e-001
 -2.2900398e-001 -5.7268151e-001
 -2.2324972e-001 -5.9566514e-001
 -2.2500830e-001 -5.7913151e-001
 -2.1933479e-001 -5.8122447e-001
 -2.3097465e-001 -5.7458796e-001
 -2.2277567e-001 -6.2526870e-001
 -2.3579157e-001 -6.3650375e-001
 -2.2136612e-001 -5.4693793e-001
 -2.2112203e-001 -6.3076651e-001
 -2.3853633e-001 -5.4932670e-001
 -2.3398780e-001 -6.0546273e-001
 -2.2367205e-001 -6.3312080e-001
 -2.2083408e-001 -6.0148816e-001
 -2.2182564e-001 -5.6398517e-001
 -2.3461798e-001 -5.9450621e-001
 -2.1735242e-001 -5.9039028e-001
 -2.3448903e-001 -5.5640418e-001
 -2.3690597e-001 -6.3775741e-001
 -2.2870577e-001 -6.2974533e-001
 -2.3527759e-001 -6.1288372e-001
 -2.3578762e-001 -6.1081331e-001
 -2.2319518e-001 -5.9982870e-001
 -2.2337194e-001 -6.0701130e-001
 -2.3424011e-001 -5.9676381e-001
 -2.2116859e-001 -5.9463030e-001
 -2.2773023e-001 -6.3194072e-001
 -2.3155283e-001 -5.8427839e-001
 -2.3221199e-001 -6.4093146e-001
 -2.2947032e-001 -6.1323053e-001
 -2.3381542e-001 -6.4198269e-001
 -2.2297137e-001 -6.2099214e-001
 -2.4011637e-001 -6.2548907e-001
 -2.2042196e-001 -6.5913912e-001
 -2.3893371e-001 -6.2526957e-001
 -2.2820310e-001 -5.6692879e-001
 -2.2490190e-001 -6.3635597e-001
 -2.3523166e-001 -5.6792093e-001
 -2.3158057e-001 -6.4024058e-001
 -2.2580427e-001 -6.2354020e-001
 -2.2525395e-001 -5.8056917e-001
 -2.2542846e-001 -6.0725547e-001
 -2.1982605e-001 -6.4263512e-001
 -2.2066341e-001 -6.2262197e-001
 -2.3220783e-001 -6.0869864e-001
 -2.3837144e-001 -5.9551895e-001
 -2.3084232e-001 -5.8924148e-001
 -2.3842591e-001 -5.6901697e-001
 -2.3582803e-001 -6.0013011e-001
 -2.1668203e-001 -5.7673053e-001
 -2.3721619e-001 -5.6364070e-001
 -2.3790905e-001 -6.4579020e-001
 -2.1800144e-001 -5.8671879e-001
 -2.2482162e-001 -5.8932233e-001
 -2.2484342e-001 -6.4679216e-001
  9.9995071e-001 -5.9321597e-001
  9.8717074e-001 -5.7140040e-001
  9.9644898e-001 -4.9844223e-001
  9.8573434e-001 -4.3305391e-001
  9.8290784e-001 -2.4888740e-001
  9.8110326e-001 -6.6046733e-002
  9.8234332e-001  1.4664849e-001
  9.9199714e-001  3.5151156e-001
  9.9298260e-001  5.4348647e-001
  9.9327233e-001  7.2895048e-001
  9.9202013e-001  8.5780964e-001
  9.8346178e-001  1.0462190e+000
  9.8201062e-001  1.1716562e+000
  9.9664558e-001  1.3572548e+000
  9.8715736e-001  1.4264776e+000
  9.9838946e-001  1.5295036e+000
  9.8295527e-001  1.5940677e+000
  9.7700448e-001  1.7380741e+000
  9.8882219e-001  1.8134683e+000
  9.8383938e-001  1.8282531e+000
  9.8128591e-001  1.9067789e+000
  9.8720296e-001  1.9055011e+000
  9.8184778e-001  1.9719284e+000
  9.8120819e-001  2.0743671e+000
  9.8875942e-001  2.0295730e+000
  9.8732017e-001  2.1294036e+000
  9.9515861e-001  2.0882138e+000
  9.9776409e-001  2.1353673e+000
  9.9329658e-001  2.1938597e+000
  9.7801974e-001  2.1988483e+000
  9.9489359e-001  2.1985345e+000
  9.8650555e-001  2.2314392e+000
  9.8952573e-001  2.1785118e+000
  9.9852518e-001  2.2647020e+000
  9.9999697e-001  2.2050191e+000
  9.9374798e-001  2.2544845e+000
  9.8831607e-001  2.2659463e+000
  9.7814961e-001  2.2883532e+000
  9.9811276e-001  2.2990135e+000
  9.8942148e-001  2.2364184e+000
  9.8555164e-001  2.2569398e+000
  9.8135040e-001  2.2850085e+000
  9.9062970e-001  2.2903773e+000
  9.8989819e-001  2.2804664e+000
  9.8744105e-001  2.2976731e+000
  9.9775710e-001  2.2703119e+000
  9.7680091e-001  2.2616972e+000
  9.8324574e-001  2.2689373e+000
  9.8073649e-001  2.3001847e+000
  9.7688536e-001  2.3033356e+000
  9.9478494e-001  2.2974718e+000
  9.9404180e-001  2.2628178e+000
  9.9769603e-001  2.2843101e+000
  9.8056542e-001  2.2483936e+000
  9.7708713e-001  2.2903234e+000
  9.9936607e-001  2.2545637e+000
  9.7699570e-001  2.3203424e+000
  9.9582557e-001  2.2864909e+000
  9.8355956e-001  2.2889187e+000
  9.8025502e-001  2.3246068e+000
  9.9086315e-001  2.3093243e+000
  9.9057962e-001  2.2942990e+000
  9.8906797e-001  2.3255930e+000
  9.9561353e-001  2.2550608e+000
  9.9876543e-001  2.2458738e+000
  9.8017026e-001  2.2312831e+000
  9.8192661e-001  2.2362045e+000
  9.9130886e-001  2.3134669e+000
  9.9891930e-001  2.2727768e+000
 -8.2373703e-001  2.2835104e+000
 -8.1718148e-001  2.2331732e+000
 -8.1843616e-001  2.0692210e+000
 -8.1285384e-001  1.7404926e+000
 -8.0682654e-001  1.3496882e+000
 -8.0863985e-001  9.1278589e-001
 -8.0662736e-001  4.5010804e-001
 -8.0878066e-001 -1.1696482e-002
 -8.0936000e-001 -4.3748954e-001
 -8.0772609e-001 -8.2116475e-001
 -8.2426405e-001 -1.1895624e+000
 -8.0868735e-001 -1.5302292e+000
 -8.0601578e-001 -1.9131452e+000
 -8.2481665e-001 -2.2332720e+000
 -8.1780817e-001 -2.4783384e+000
 -8.0649533e-001 -2.6997302e+000
 -8.2742840e-001 -2.8965909e+000
 -8.2577354e-001 -3.1360195e+000
 -8.2117749e-001 -3.3220744e+000
 -8.1838342e-001 -3.4180340e+000
 -8.1136249e-001 -3.6011650e+000
 -8.2982131e-001 -3.7003946e+000
 -8.1071523e-001 -3.7295620e+000
 -8.2678628e-001 -3.8470424e+000
 -8.0983887e-001 -3.9220527e+000
 -8.1954162e-001 -4.0525055e+000
 -8.2496247e-001 -4.1129911e+000
 -8.1701755e-001 -4.0668984e+000
 -8.2011400e-001 -4.1664318e+000
 -8.0675919e-001 -4.2067523e+000
 -8.0816307e-001 -4.2444998e+000
 -8.1543768e-001 -4.3041258e+000
 -8.2449517e-001 -4.3225878e+000
 -8.2815927e-001 -4.2617754e+000
 -8.2078059e-001 -4.3019452e+000
 -8.0640114e-001 -4.3680972e+000
 -8.0838553e-001 -4.3242995e+000
 -8.2958896e-001 -4.3193633e+000
 -8.1241320e-001 -4.3955497e+000
 -8.2311260e-001 -4.3927195e+000
 -8.2806383e-001 -4.4076330e+000
 -8.0913986e-001 -4.4091397e+000
 -8.1623537e-001 -4.3954112e+000
 -8.2086341e-001 -4.4094331e+000
 -8.0858107e-001 -4.4376475e+000
 -8.2823107e-001 -4.3959841e+000
 -8.2220938e-001 -4.4703743e+000
 -8.1832808e-001 -4.4287832e+000
 -8.0957738e-001 -4.4697705e+000
 -8.2266465e-001 -4.4776296e+000
 -8.0821660e-001 -4.4636591e+000
 -8.1596356e-001 -4.4249272e+000
 -8.2195519e-001 -4.3999870e+000
 -8.1216213e-001 -4.4444017e+000
 -8.1973270e-001 -4.4606082e+000
 -8.2259583e-001 -4.3974025e+000
 -8.2536436e-001 -4.4348092e+000
 -8.1034139e-001 -4.4152554e+000
 -8.2506105e-001 -4.4328853e+000
 -8.1024129e-001 -4.4403942e+000
 -8.1585866e-001 -4.4568158e+000
 -8.1972035e-001 -4.3956202e+000
 -8.1094272e-001 -4.4376688e+000
 -8.2124622e-001 -4.4818932e+000
 -8.1737677e-001 -4.4406504e+000
 -8.2126635e-001 -4.4007178e+000
 -8.2481870e-001 -4.4556421e+000
 -8.1361349e-001 -4.4826049e+000
 -8.1764459e-001 -4.4398148e+000
 -9.0114764e-001 -4.4596974e+000
 -9.1358981e-001 -4.4837182e+000
 -9.0845089e-001 -4.4617413e+000
 -8.9944685e-001 -4.5213716e+000
 -8.9510889e-001 -4.5978359e+000
 -9.1728443e-001 -4.6306496e+000
 -9.0031096e-001 -4.6712945e+000
 -9.0170716e-001 -4.7462253e+000
 -9.1719220e-001 -4.8344403e+000
 -9.1524641e-001 -4.8934462e+000
 -8.9829552e-001 -4.8990707e+000
 -8.9675601e-001 -4.9610344e+000
 -9.0214684e-001 -5.0450249e+000
 -9.1271866e-001 -5.0272363e+000
 -9.0217843e-001 -5.1137909e+000
 -9.0612825e-001 -5.1320906e+000
 -8.9699660e-001 -5.1467600e+000
 -9.1308034e-001 -5.2275276e+000
 -9.0895529e-001 -5.2550572e+000
 -9.0185403e-001 -5.2448718e+000
 -9.1322255e-001 -5.2689549e+000
 -9.1144019e-001 -5.2871580e+000
 -9.1375475e-001 -5.3009756e+000
 -9.0490717e-001 -5.2773967e+000
 -8.9614169e-001 -5.3389279e+000
 -8.9689345e-001 -5.3383526e+000
 -9.1848013e-001 -5.3489686e+000
 -8.9887275e-001 -5.3552740e+000
 -8.9563015e-001 -5.3193816e+000
 -9.0934356e-001 -5.2859667e+000
 -9.0543216e-001 -5.3384446e+000
 -9.0925754e-001 -5.2926181e+000
 -8.9914666e-001 -5.3670512e+000
 -8.9697250e-001 -5.3399991e+000
 -9.0259650e-001 -5.3928901e+000
 -9.1449746e-001 -5.3216430e+000
 -9.0987884e-001 -5.3348233e+000
 -9.0741123e-001 -5.4051977e+000
 -9.1448333e-001 -5.3993723e+000
 -8.9679307e-001 -5.3180917e+000
 -8.9589102e-001 -5.3201691e+000
 -9.1257613e-001 -5.3400789e+000
 -8.9846399e-001 -5.3698373e+000
 -9.0999903e-001 -5.3305542e+000
 -9.0819667e-001 -5.3752398e+000
 -9.1081536e-001 -5.3145943e+000
 -8.9927194e-001 -5.3704086e+000
 -8.9772293e-001 -5.3983249e+000
 -8.9836436e-001 -5.3772557e+000
 -9.0778102e-001 -5.3488069e+000
 -9.1227596e-001 -5.3666162e+000
 -8.9761126e-001 -5.3684993e+000
 -9.1760424e-001 -5.3978079e+000
 -8.9937968e-001 -5.4101023e+000
 -9.0979949e-001 -5.3742243e+000
 -8.9954975e-001 -5.4015272e+000
 -9.0290063e-001 -5.3437297e+000
 -8.9952007e-001 -5.3337747e+000
 -9.0568532e-001 -5.3188098e+000
 -9.0401588e-001 -5.3864442e+000
 -9.0647937e-001 -5.3478986e+000
 -9.0698565e-001 -5.3989590e+000
 -9.0148550e-001 -5.3226597e+000
 -9.0966514e-001 -5.3697372e+000
 -8.9936516e-001 -5.3938161e+000
 -9.1374747e-001 -5.3485145e+000
 -9.1488351e-001 -5.3397554e+000
 -9.1839223e-001 -5.3861654e+000
 -9.0035062e-001 -5.3400095e+000
 -1.7191023e-001 -5.3941659e+000
 -1.8023829e-001 -5.3432896e+000
 -1.7677005e-001 -5.2145111e+000
 -1.7482363e-001 -5.0104055e+000
 -1.8897374e-001 -4.7353932e+000
 -1.7272543e-001 -4.3755010e+000
 -1.8538065e-001 -4.0107162e+000
 -1.7521044e-001 -3.7329832e+000
 -1.7447548e-001 -3.4407308e+000
 -1.9315058e-001 -3.0554333e+000
 -1.9272014e-001 -2.8290530e+000
 -1.8326129e-001 -2.5408956e+000
 -1.8793277e-001 -2.3379490e+000
 -1.8526153e-001 -2.0965026e+000
 -1.7231193e-001 -1.8789005e+000
 -1.8363603e-001 -1.6885303e+000
 -1.7494711e-001 -1.5494967e+000
 -1.7078861e-001 -1.4056147e+000
 -1.7876560e-001 -1.3386365e+000
 -1.7473022e-001 -1.1919189e+000
 -1.7588856e-001 -1.1147150e+000
 -1.8736686e-001 -9.8432580e-001
 -1.9010244e-001 -9.6668481e-001
 -1.7809314e-001 -8.4530841e-001
 -1.7314084e-001 -8.2160628e-001
 -1.7378791e-001 -7.6317670e-001
 -1.9027866e-001 -7.5823213e-001
 -1.7438221e-001 -6.5583601e-001
 -1.7047839e-001 -6.4712982e-001
 -1.8803087e-001 -6.4501069e-001
 -1.8821813e-001 -6.4363197e-001
 -1.8241837e-001 -6.2210057e-001
 -1.8093289e-001 -5.9645221e-001
 -1.8401031e-001 -5.3304753e-001
 -1.8310317e-001 -4.9996236e-001
 -1.9022677e-001 -5.4818654e-001
 -1.7277093e-001 -4.7503099e-001
 -1.7215034e-001 -4.6138680e-001
 -1.9162785e-001 -5.2135238e-001
 -1.7183632e-001 -4.7820401e-001
 -1.7835846e-001 -4.6524716e-001
 -1.7965642e-001 -4.7397016e-001
 -1.7385376e-001 -4.4325128e-001
 -1.8691136e-001 -4.6785526e-001
 -1.6977695e-001 -5.2196025e-001
 -1.7320149e-001 -5.0775490e-001
 -1.8414545e-001 -4.6520883e-001
 -1.8383755e-001 -4.5732170e-001
 -1.6978540e-001 -4.6041157e-001
 -1.7965749e-001 -4.3483441e-001
 -1.8905876e-001 -4.1682280e-001
 -1.8264930e-001 -4.4913244e-001
 -1.8576022e-001 -4.5078083e-001
 -1.8113286e-001 -4.6561827e-001
 -1.7091660e-001 -4.8251862e-001
 -1.9109546e-001 -5.0658946e-001
 -1.8082242e-001 -4.3113694e-001
 -1.7017892e-001 -4.7376783e-001
 -1.8963984e-001 -4.7164476e-001
 -1.8727482e-001 -5.0570146e-001
 -1.8725933e-001 -4.5126197e-001
 -1.8009010e-001 -4.7008843e-001
 -1.7715085e-001 -4.8447174e-001
 -1.8159632e-001 -4.3809547e-001
 -1.8178577e-001 -4.7375181e-001
 -1.9232368e-001 -4.6647864e-001
 -1.8119823e-001 -4.4944237e-001
 -1.8035785e-001 -4.4146632e-001
 -1.9333393e-001 -4.7593275e-001
 -1.8292223e-001 -4.7855263e-001
 -1.9338960e-001 -4.6999159e-001
 -1.8310378e-001 -4.4299614e-001
 -1.8698980e-001 -4.2305009e-001
 -1.9141431e-001 -4.6224719e-001
 -1.7304652e-001 -4.1348198e-001
 -1.9093263e-001 -4.9478716e-001
 -1.7344445e-001 -4.5350684e-001
 -1.9091780e-001 -4.1214635e-001
 -1.7762206e-001 -4.2744329e-001
 -1.9276094e-001 -4.3402151e-001
 -1.7259306e-001 -4.5771132e-001
 -1.7543974e-001 -4.2047287e-001
 -1.9162305e-001 -4.2717546e-001
 -1.8745809e-001 -4.5538410e-001
 -1.8535276e-001 -4.1068819e-001
 -1.8419865e-001 -4.0964088e-001
 -1.7174752e-001 -4.8721422e-001
 -1.8919694e-001 -4.1026862e-001
 -1.8179093e-001 -4.1056465e-001
 -1.8918826e-001 -4.8695568e-001
 -1.9074649e-001 -4.3706921e-001
 -1.9314595e-001 -4.8068536e-001
 -1.8129197e-001 -4.5804965e-001
 -1.7768884e-001 -4.9038207e-001
 -1.8505472e-001 -4.8655393e-001
 -1.9044978e-001 -4.6402083e-001
 -1.9395513e-001 -4.9911119e-001
 -1.8480894e-001 -4.6434079e-001
 -1.8790606e-001 -5.0007364e-001
 -1.8966028e-001 -4.6671888e-001
 -1.7884197e-001 -4.4172175e-001
 -1.9137320e-001 -4.5630053e-001
 -1.7177999e-001 -4.6000215e-001
 -1.8452928e-001 -4.9404118e-001
 -1.7728020e-001 -4.1411446e-001
 -1.7079868e-001 -4.4619599e-001
 -1.8547652e-001 -4.2647722e-001
 -1.8778408e-001 -4.7336873e-001
 -1.8811530e-001 -4.1968754e-001
 -1.7222198e-001 -5.0352519e-001
 -1.8357250e-001 -4.8552821e-001
 -1.9148324e-001 -4.6657075e-001
 -1.8123099e-001 -4.8329275e-001
 -1.8903916e-001 -4.2074913e-001
 -1.7719349e-001 -4.2725104e-001
 -1.7820365e-001 -4.1783585e-001
 -1.8334135e-001 -4.5602458e-001
 -1.7491777e-001 -4.6434071e-001
 -1.7248456e-001 -4.2702888e-001
 -1.8107074e-001 -4.6526640e-001
 -1.9042108e-001 -4.3021112e-001
 -1.7261373e-001 -4.6985177e-001
 -1.8945843e-001 -4.5601503e-001
 -1.8147634e-001 -4.9718290e-001
 -1.8261132e-001 -4.9210593e-001
 -1.8261888e-001 -4.2853886e-001
 -1.8153000e-001 -4.9617794e-001
 -1.7308465e-001 -4.3518627e-001
 -1.9421831e-001 -4.4372683e-001
 -1.9386180e-001 -4.1334550e-001
 -1.7715309e-001 -4.8456146e-001
 -1.8505060e-001 -4.6465470e-001
 -1.8637452e-001 -4.4867810e-001
 -1.8898917e-001 -5.0074826e-001
 -1.8248225e-001 -4.8068641e-001
 -1.8891509e-001 -5.0546706e-001
 -1.8163626e-001 -5.0096856e-001
 -1.7045141e-001 -4.2649495e-001
 -4.5484921e-001 -5.0371418e-001
 -4.6241216e-001 -4.5730860e-001
 -4.5325589e-001 -4.4871319e-001
 -4.7034736e-001 -5.6353482e-001
 -4.4936573e-001 -6.5827548e-001
 -4.6470828e-001 -6.8291357e-001
 -4.6708315e-001 -7.9070471e-001
 -4.5577218e-001 -8.6879432e-001
 -4.6139985e-001 -9.6557621e-001
 -4.6706446e-001 -9.8543588e-001
 -4.5564840e-001 -1.0451794e+000
 -4.6153544e-001 -1.1920181e+000
 -4.4824775e-001 -1.2569666e+000
 -4.5001173e-001 -1.3114856e+000
 -4.5123471e-001 -1.3167479e+000
 -4.5534069e-001 -1.3817087e+000
 -4.7171157e-001 -1.3954286e+000
 -4.5328725e-001 -1.4447077e+000
 -4.6346205e-001 -1.4456305e+000
 -4.5482501e-001 -1.4464445e+000
 -4.5988583e-001 -1.5435950e+000
 -4.6668302e-001 -1.5473866e+000
 -4.5334947e-001 -1.5184235e+000
 -4.6408559e-001 -1.5515716e+000
 -4.5905196e-001 -1.6055311e+000
 -4.6021310e-001 -1.5559619e+000
 -4.5667900e-001 -1.5524672e+000
 -4.6595148e-001 -1.6505843e+000
 -4.7047306e-001 -1.6066369e+000
 -4.5970609e-001 -1.6601776e+000
 -4.6332589e-001 -1.6763721e+000
 -4.6052235e-001 -1.6572142e+000
 -4.6955478e-001 -1.6099338e+000
 -4.6221633e-001 -1.6466457e+000
 -4.5471068e-001 -1.6802765e+000
 -4.6665628e-001 -1.6522105e+000
 -4.5124269e-001 -1.6804382e+000
 -4.6078587e-001 -1.6246684e+000
 -4.5932949e-001 -1.6343659e+000
 -4.4921206e-001 -1.6984543e+000
 -4.6441918e-001 -1.6740681e+000
 -4.6034239e-001 -1.6756444e+000
 -4.6775335e-001 -1.6126807e+000
 -4.6334158e-001 -1.6581178e+000
 -4.6238622e-001 -1.6760202e+000
 -4.6631786e-001 -1.6390294e+000
 -4.4936467e-001 -1.6616311e+000
 -4.6877475e-001 -1.6195158e+000
 -4.6736362e-001 -1.6674969e+000
 -4.5890463e-001 -1.6213775e+000
 -4.4830893e-001 -1.6704960e+000
 -4.5198045e-001 -1.7003387e+000
 -4.4933877e-001 -1.7076670e+000
 -4.5622030e-001 -1.7028928e+000
 -4.6314076e-001 -1.6270053e+000
 -4.7048501e-001 -1.7023466e+000
 -4.6622004e-001 -1.6821005e+000
 -4.5683906e-001 -1.6619982e+000
 -4.5710088e-001 -1.6969270e+000
 -4.6932257e-001 -1.6650945e+000
 -4.6984762e-001 -1.6948517e+000
 -4.6896854e-001 -1.6741536e+000
 -4.5619094e-001 -1.6675306e+000
 -4.6623216e-001 -1.6719852e+000
 -4.5740433e-001 -1.6337938e+000
 -4.4868944e-001 -1.6612717e+000
 -4.5290194e-001 -1.6927657e+000
 -4.6025582e-001 -1.7149158e+000
 -4.5455748e-001 -1.6955786e+000
 -9.7008647e-001 -1.7058875e+000
 -9.6262390e-001 -1.6909866e+000
 -9.7211884e-001 -1.7883256e+000
 -9.6956686e-001 -1.9732186e+000
 -9.7695639e-001 -2.2163154e+000
 -9.6943440e-001 -2.5383583e+000
 -9.7392621e-001 -2.8450317e+000
 -9.6147041e-001 -3.1642711e+000
 -9.6513870e-001 -3.4104043e+000
 -9.7736028e-001 -3.6792246e+000
 -9.7485022e-001 -3.9500941e+000
 -9.6132678e-001 -4.2158529e+000
 -9.6742855e-001 -4.3757917e+000
 -9.6316675e-001 -4.6262361e+000
 -9.6934093e-001 -4.8290307e+000
 -9.7416099e-001 -4.9237482e+000
 -9.6230511e-001 -5.0884462e+000
 -9.7878718e-001 -5.1858659e+000
 -9.7045927e-001 -5.3595901e+000
 -9.7998380e-001 -5.4554600e+000
 -9.7361225e-001 -5.5502151e+000
 -9.5852605e-001 -5.5591174e+000
 -9.8034042e-001 -5.6649864e+000
 -9.6156495e-001 -5.6883091e+000
 -9.7653995e-001 -5.8013014e+000
 -9.6492197e-001 -5.8110553e+000
 -9.7429528e-001 -5.8687476e+000
 -9.5933521e-001 -5.8722140e+000
 -9.7088040e-001 -5.8767401e+000
 -9.6921387e-001 -5.9504412e+000
 -9.6005062e-001 -5.9175805e+000
 -9.8150780e-001 -5.9259400e+000
 -9.8070360e-001 -5.9830317e+000
 -9.6317323e-001 -6.0119641e+000
 -9.6188394e-001 -6.0531970e+000
 -9.6535539e-001 -6.0635380e+000
 -9.6134460e-001 -6.0411095e+000
 -9.7848994e-001 -6.0178365e+000
 -9.6788529e-001 -6.0026173e+000
 -9.6125475e-001 -6.0303940e+000
 -9.6434555e-001 -6.0157934e+000
 -9.8003245e-001 -6.0630012e+000
 -9.6851782e-001 -6.0202507e+000
 -9.7640837e-001 -6.0386969e+000
 -9.6425405e-001 -6.1157051e+000
 -9.6128251e-001 -6.0871672e+000
 -9.6343060e-001 -6.0399420e+000
 -9.7293195e-001 -6.0544393e+000
 -9.7083131e-001 -6.0801510e+000
 -9.5992015e-001 -6.0423375e+000
 -9.6305677e-001 -6.1087673e+000
 -9.7072159e-001 -6.0766685e+000
 -9.8043203e-001 -6.0411257e+000
 -9.6172880e-001 -6.0365523e+000
 -9.6457486e-001 -6.1285970e+000
 -9.6822019e-001 -6.0880180e+000
 -9.6733697e-001 -6.1347962e+000
 -9.5980510e-001 -6.0413529e+000
 -9.6941815e-001 -6.0675809e+000
 -9.8009475e-001 -6.0477779e+000
 -9.7473134e-001 -6.1212382e+000
 -9.5938088e-001 -6.0713435e+000
 -9.6325514e-001 -6.0460928e+000
 -9.7906650e-001 -6.0867041e+000
 -9.6219892e-001 -6.1144522e+000
 -9.7086843e-001 -6.0419064e+000
 -9.7963110e-001 -6.0929072e+000
 -9.8082906e-001 -6.1109509e+000
 -9.7882160e-001 -6.0691593e+000
  1.0943589e-001 -6.1007069e+000
  1.2585170e-001 -6.0544159e+000
  1.2702956e-001 -5.9057750e+000
  1.1123346e-001 -5.6316198e+000
  1.2727135e-001 -5.2505561e+000
  1.1691827e-001 -4.8239157e+000
  1.0856972e-001 -4.3722904e+000
  1.0562885e-001 -4.0198663e+000
  1.0687233e-001 -3.5868451e+000
  1.2634326e-001 -3.1943725e+000
  1.2068358e-001 -2.7901219e+000
  1.2202482e-001 -2.4679975e+000
  1.2257433e-001 -2.1726043e+000
  1.1957949e-001 -1.8819695e+000
  1.2693008e-001 -1.6242864e+000
  1.2130502e-001 -1.4107376e+000
  1.0593631e-001 -1.2691580e+000
  1.2359502e-001 -1.0555486e+000
  1.2725866e-001 -9.2391683e-001
  1.1696734e-001 -7.9192499e-001
  1.2407320e-001 -6.2722251e-001
  1.2209275e-001 -4.7638486e-001
  1.1015766e-001 -4.1370882e-001
  1.1964824e-001 -3.0355350e-001
  1.0916456e-001 -3.2200816e-001
  1.2698270e-001 -2.1872085e-001
  1.2350489e-001 -1.9827072e-001
  1.2127257e-001 -8.9138474e-002
  1.1029255e-001 -1.1213971e-001
  1.1392650e-001 -4.4304468e-002
  1.2074198e-001  3.6029646e-002
  1.2041581e-001 -1.7147549e-002
  1.1703642e-001  8.6054120e-002
  1.2422910e-001  3.7481526e-002
  1.2430470e-001  5.8741949e-002
  1.1123171e-001  1.4726361e-001
  1.2752275e-001  6.7590142e-002
  1.0895991e-001  1.0348787e-001
  1.2007077e-001  9.9755948e-002
  1.2819567e-001  1.5592082e-001
  1.0950786e-001  1.2220458e-001
  1.1844561e-001  1.2238755e-001
  1.1468034e-001  1.4925594e-001
  1.1249110e-001  1.4005692e-001
  1.0736914e-001  2.0532354e-001
  1.1849317e-001  2.0316164e-001
  1.1494377e-001  1.5345324e-001
  1.1879724e-001  1.4688508e-001
  1.2161962e-001  2.1000454e-001
  1.1800596e-001  1.6368067e-001
  1.1789250e-001  2.2646985e-001
  1.2564146e-001  2.1089981e-001
  1.0685168e-001  1.4405006e-001
  1.2234529e-001  2.0358950e-001
  1.0641529e-001  2.0405592e-001
  1.2264590e-001  1.4462284e-001
  1.2518909e-001  1.5830054e-001
  1.2177857e-001  1.8846362e-001
  1.1451248e-001  1.6110173e-001
  1.2661794e-001  1.5546590e-001
  1.1476806e-001  2.2269831e-001
  1.1186192e-001  1.7603842e-001
  1.1734338e-001  2.1746872e-001
  1.2605553e-001  1.7433284e-001
  1.1741274e-001  2.2724850e-001
  1.1845333e-001  1.4639838e-001
  1.1211985e-001  2.1361496e-001
  1.2501084e-001  2.1213525e-001
  1.1886962e-001  1.8405774e-001
  5.7478724e-002  1.6062589e-001
  5.5186915e-002  1.6634196e-001
  5.4974673e-002  1.7084639e-001
  5.7038153e-002  1.6875207e-001
  6.3757590e-002  2.0499900e-001
  6.4434116e-002  1.2995525e-001
  5.2015592e-002  1.7070928e-001
  6.6922700e-002  1.5650181e-001
  4.3685255e-002  1.3358708e-001
  5.7873863e-002  1.0435863e-001
  4.4752336e-002  1.1963749e-001
  6.1598537e-002  1.7853498e-001
  4.6179992e-002  1.8557760e-001
  5.0122058e-002  1.3786406e-001
  5.3239078e-002  1.2124844e-001
  4.5948363e-002  9.8632048e-002
  6.7071179e-002  1.0127365e-001
  5.1895746e-002  1.1632989e-001
  6.3146868e-002  9.8729641e-002
  5.5482738e-002  8.8777708e-002
  5.8450219e-002  6.9320182e-002
  6.3343872e-002  1.3658763e-001
  4.5473784e-002  7.3153824e-002
  6.5865802e-002  1.0732777e-001
  5.8612565e-002  1.4029027e-001
  5.5738115e-002  1.2663989e-001
  5.1212255e-002  1.3843758e-001
  5.9015058e-002  1.4607700e-001
  5.0905954e-002  7.5769579e-002
  6.2338331e-002  5.6398029e-002
  4.8017256e-002  1.2705107e-001
  5.7923053e-002  8.6988271e-002
  5.0867190e-002  7.8716339e-002
  5.1302376e-002  1.5061593e-001
  6.3460972e-002  1.5053504e-001
  6.3812217e-002  5.3144455e-002
  5.8381064e-002  7.0769971e-002
  4.5363760e-002  1.0313607e-001
  4.5420252e-002  1.4447508e-001
  5.9166227e-002  1.0992769e-001
  6.4316090e-002  6.8283451e-002
  5.5254848e-002  1.3245316e-001
  5.1881984e-002  7.6915036e-002
  5.5141776e-002  1.0381303e-001
  5.4645999e-002  7.1415764e-002
  6.5625083e-002  6.6486798e-002
  5.8685587e-002  1.4711796e-001
  6.3670910e-002  5.9909443e-002
  6.0436374e-002  1.1162110e-001
  5.9517446e-002  1.1269745e-001
  6.0507693e-002  8.8905217e-002
  5.9367604e-002  1.1721364e-001
  4.7269909e-002  9.8152951e-002
  6.3266523e-002  6.5307789e-002
  6.0987966e-002  1.3248703e-001
  5.6801918e-002  8.9908598e-002
  5.2163749e-002  1.0044153e-001
  4.4657491e-002  1.0770572e-001
  4.3560279e-002  1.3607260e-001
  6.4802188e-002  9.6249274e-002
  5.1469253e-002  1.0081457e-001
  5.5887974e-002  9.7874768e-002
  5.6077836e-002  9.3126131e-002
  6.5561882e-002  1.1633674e-001
  5.0413408e-002  1.4827811e-001
  5.4450042e-002  1.0878070e-001
  6.6198425e-002  9.9241293e-002
  6.2595130e-002  1.1713074e-001
  4.5379864e-002  8.9952823e-002
  1.5971034e-001  1.4106518e-001
  1.5895206e-001  1.3767075e-001
  1.3881112e-001  1.2545988e-001
  1.5789229e-001  9.7755682e-002
  1.4607348e-001  7.3733718e-002
  1.5540445e-001  1.2316899e-001
  1.5213781e-001  1.1934477e-001
  1.5860394e-001  1.8880031e-001
  1.4162460e-001  1.7963896e-001
  1.4145491e-001  1.4448842e-001
  1.4929477e-001  1.2831781e-001
  1.5525864e-001  1.5254115e-001
  1.5548404e-001  2.1615505e-001
  1.5738000e-001  2.0598951e-001
  1.5954923e-001  2.4346449e-001
  1.6003156e-001  2.2808147e-001
  1.6153856e-001  1.6239475e-001
  1.6132369e-001  2.2333527e-001
  1.5085230e-001  2.2403665e-001
  1.4929329e-001  2.5476706e-001
  1.3847234e-001  2.0767782e-001
  1.5193827e-001  2.3725542e-001
  1.4194911e-001  2.4193343e-001
  1.5345504e-001  2.2529712e-001
  1.4023986e-001  2.7304293e-001
  1.4679781e-001  2.3150780e-001
  1.4438997e-001  2.3031366e-001
  1.5778306e-001  2.1409353e-001
  1.4541668e-001  2.2044487e-001
  1.5805743e-001  2.0669499e-001
  1.4164577e-001  2.2955640e-001
  1.4269703e-001  2.6713047e-001
  1.6205607e-001  2.5049250e-001
  1.5709743e-001  2.7278629e-001
  1.5743166e-001  1.8979678e-001
  1.4075672e-001  2.3742261e-001
  1.4893904e-001  2.6088760e-001
  1.4394330e-001  2.1832589e-001
  1.5940399e-001  2.2818185e-001
  1.3876742e-001  2.5300828e-001
  1.4125911e-001  2.6446926e-001
  1.4191722e-001  2.8299460e-001
  1.4782071e-001  2.5196615e-001
  1.3849396e-001  2.5877394e-001
  1.5839558e-001  2.0324049e-001
  1.5787412e-001  2.7946116e-001
  1.4985559e-001  2.2633942e-001
  1.4546721e-001  2.1477825e-001
  1.5437094e-001  2.4672176e-001
  1.4771140e-001  2.7682762e-001
  1.5473868e-001  2.0012127e-001
  1.5078763e-001  1.9336412e-001
  1.4583185e-001  2.4158045e-001
  1.4017650e-001  2.6232931e-001
  1.5684467e-001  2.1422024e-001
  1.4656439e-001  2.4253961e-001
  1.4350685e-001  2.7136377e-001
  5.0704929e-002  2.7730624e-001
