 -2.7608218e-001 -6.6161013e-001
  3.2271712e-001  5.7004869e-001
  2.5553401e-001  3.8988000e-001
  4.4947217e-001  4.9917616e-001
  3.4520554e-001  4.2225202e-001
 -9.1421104e-001 -5.4341975e+000
 -4.0047387e-001 -1.5117196e+000
 -2.5253707e-002 -1.1048480e-001
 -3.1214588e-001 -8.2677646e-001
 -8.4887883e-001 -4.7543136e+000
 -3.2759228e-001 -1.0892485e+000
 -7.5509573e-001 -3.9206504e+000
 -7.1451879e-001 -3.3694851e+000
 -2.4714045e-001 -6.4564246e-001
  5.1725572e-001  6.4343885e-001
  7.2906993e-001  9.9200107e-001
  7.1323944e-001  1.2656806e+000
 -7.3393209e-001 -3.8311844e+000
  7.2646448e-001  1.0350377e+000
  1.8859281e-001  3.5202301e-001
  1.8052348e-001  3.2433966e-001
  8.3596707e-001  1.4744586e+000
 -8.8811948e-001 -5.1181054e+000
  4.0935339e-001  3.7324873e-001
 -4.0430228e-003 -2.7382384e-002
 -2.6838023e-001 -8.2031362e-001
  9.9642660e-001  2.4343359e+000
  9.0999153e-001  1.9657081e+000
  2.6643373e-002  2.0252499e-001
  3.4056286e-001  3.8812732e-001
 -9.9621910e-001 -6.2590325e+000
 -1.4091203e-002 -1.7371579e-001
  6.2523684e-002  7.4365563e-002
 -3.8825407e-001 -1.2222334e+000
  7.1967518e-001  9.8024993e-001
 -8.6757735e-001 -5.1028776e+000
  6.8837098e-002 -1.9217702e-002
 -9.8738159e-001 -6.4423485e+000
  3.2401060e-001  4.0608711e-001
  7.7658913e-002  3.1128362e-001
 -1.0881663e-001 -2.2182064e-001
  5.6825169e-001  6.8612107e-001
 -6.7886635e-001 -3.1234399e+000
 -6.9085545e-001 -3.2401608e+000
  6.2468359e-001  1.0221953e+000
  9.5576166e-001  1.9773652e+000
 -4.2972433e-001 -1.6629208e+000
  3.1461010e-001  5.0646624e-001
  6.1347525e-001  7.2709128e-001
  6.4006843e-001  9.6720705e-001
 -3.8972256e-001 -1.4490378e+000
 -8.5158448e-001 -4.9491408e+000
  2.3519002e-001  4.6872845e-001
 -7.2767783e-001 -3.5065668e+000
  6.1831488e-001  7.1463992e-001
  9.5576934e-001  1.9777987e+000
  8.0085237e-001  1.2185705e+000
 -6.3448518e-001 -2.7009493e+000
  8.4405681e-001  1.3646194e+000
 -7.2688199e-001 -3.6804378e+000
 -9.1329150e-001 -5.3985829e+000
  3.4557768e-001  4.5569131e-001
 -7.4460477e-001 -3.6624353e+000
 -5.6146408e-001 -2.4139837e+000
  3.1770792e-001  4.5409874e-001
 -3.5482508e-001 -1.1402010e+000
  4.9572646e-003  1.7929626e-001
  6.8848234e-002  5.9218590e-002
 -8.1812383e-002 -2.8564702e-001
  3.7360484e-002  9.3502042e-002
  1.4433307e-001  2.2779784e-001
 -2.3152072e-001 -6.9692043e-001
  7.1215637e-001  1.0497943e+000
 -2.8874654e-001 -8.3781612e-001
  7.1718221e-001  1.2022578e+000
 -1.5987890e-001 -5.3554504e-001
 -5.3919921e-001 -2.2627105e+000
  4.4663644e-001  4.1339044e-001
 -8.1287622e-001 -4.3248335e+000
 -6.9354054e-001 -3.2208083e+000
  8.1013128e-001  1.2754479e+000
  1.4746566e-001  1.6963624e-001
  3.6470886e-001  4.2762141e-001
 -8.4350809e-001 -4.8098065e+000
 -2.9585584e-001 -8.0018175e-001
 -2.9335191e-001 -8.3422127e-001
 -7.6987229e-001 -3.9631714e+000
 -1.5124789e-002  1.2597014e-001
 -1.3342953e-001 -4.8168627e-001
 -5.3540535e-001 -2.0719754e+000
 -6.0121401e-001 -2.4851970e+000
 -4.8573791e-001 -1.7665556e+000
 -8.1206026e-001 -4.2076092e+000
 -4.6081804e-001 -1.5102131e+000
 -6.0710103e-001 -2.5369986e+000
 -1.6500458e-001 -5.4962454e-001
 -9.6404351e-001 -6.0307371e+000
 -6.1608978e-001 -2.8362160e+000
 -4.6915140e-001 -1.7680665e+000
  1.9322413e-001  1.4147803e-001
 -7.6702002e-001 -3.8044071e+000
 -6.9251006e-001 -3.2609580e+000
 -1.5811115e-001 -2.1060431e-001
 -9.1179540e-001 -5.2750319e+000
 -4.4575017e-002 -9.2268895e-002
  9.0226084e-001  1.6363294e+000
  7.8311123e-001  1.3740621e+000
  8.2233492e-001  1.2949831e+000
 -5.6987617e-001 -2.3503659e+000
  2.5053218e-001  4.1036746e-001
 -9.7009240e-001 -5.9660465e+000
  5.6786950e-001  8.0835976e-001
 -9.8306023e-001 -6.3979105e+000
  5.2227393e-001  6.1717426e-001
 -3.3757314e-001 -9.0874340e-001
 -7.9090419e-001 -4.0931975e+000
  8.1760217e-001  1.4626454e+000
  5.4443144e-001  7.7028417e-001
 -7.5139334e-001 -3.7159701e+000
  9.1936680e-001  1.7944440e+000
 -3.2020408e-001 -1.0706735e+000
  2.1659678e-001  2.4559661e-001
  1.5118995e-001  3.4292497e-001
  9.7198514e-001  2.1476331e+000
  9.7312604e-001  2.0429177e+000
 -8.1222176e-002 -2.0800703e-001
 -2.4755646e-001 -5.3165223e-001
 -9.3641017e-001 -5.6770581e+000
  4.3823462e-001  6.7998591e-001
 -4.9624047e-001 -1.9522826e+000
 -1.8647417e-001 -6.1644150e-001
  6.5149192e-001  7.7973033e-001
  1.3385932e-001  2.4093610e-001
  1.5230363e-001  1.9378753e-001
 -3.9166149e-001 -1.1934099e+000
 -4.2094555e-001 -1.6175725e+000
 -4.5718630e-001 -1.6072863e+000
  4.1891598e-001  4.9245787e-001
 -5.1922567e-001 -2.2039970e+000
  1.1996769e-001  3.5157767e-001
 -3.4794218e-001 -1.2049163e+000
 -4.4366071e-001 -1.5429315e+000
 -4.6922501e-001 -1.6132333e+000
  4.9380049e-003 -8.8709534e-002
  1.3580275e-001  3.5272779e-001
 -7.4778076e-001 -3.6348407e+000
 -9.0226330e-001 -5.4052934e+000
  6.2634358e-001  9.8515900e-001
 -5.9710829e-001 -2.6105596e+000
  4.3781172e-001  4.4490621e-001
  3.6998480e-001  5.9568179e-001
 -6.7219480e-001 -2.9926406e+000
  6.9352162e-001  1.1527356e+000
 -4.8012481e-002 -1.4189386e-001
  4.1806986e-001  4.4037956e-001
 -4.0581575e-001 -1.3708338e+000
 -5.4620659e-001 -2.2815351e+000
  8.0505180e-001  1.2398278e+000
  2.4012618e-001  2.3967252e-001
 -5.3548756e-001 -2.2643049e+000
  1.9999995e-001  2.1117948e-001
 -7.3136812e-001 -3.6076882e+000
 -8.9262033e-001 -5.1314423e+000
 -5.8802536e-001 -2.3969883e+000
 -5.4091140e-001 -2.2936386e+000
  2.8137385e-001  2.6080439e-001
 -5.6063019e-001 -2.4186911e+000
  3.3812177e-001  4.3675858e-001
  3.2225259e-001  3.6854514e-001
 -3.9324620e-001 -1.2959493e+000
  1.3367422e-001  3.7215313e-001
  3.0705466e-001  3.3609585e-001
  3.3140266e-001  4.8745668e-001
  6.8688338e-003 -7.9863687e-002
 -9.3713656e-001 -5.7662469e+000
  5.2669062e-001  7.5523203e-001
  5.7368234e-001  6.1454898e-001
  6.4785518e-001  1.0990630e+000
 -2.3430787e-001 -4.8665744e-001
 -2.9278576e-001 -7.4932162e-001
 -3.3896347e-001 -1.2024248e+000
  4.0490035e-001  6.8802354e-001
 -2.3221111e-001 -6.0441199e-001
 -9.3772924e-001 -5.7899058e+000
 -8.6715582e-002 -3.6606392e-001
 -4.4116957e-001 -1.5931072e+000
 -3.2744266e-001 -8.2195327e-001
 -8.9563206e-001 -5.1838215e+000
  7.9971115e-002  1.5821801e-001
 -2.3812674e-001 -5.4786260e-001
  9.9687936e-001  2.2651973e+000
  5.9239607e-002  1.7488299e-001
  7.7287870e-001  1.2206880e+000
  6.3114614e-001  7.3266589e-001
 -3.5061990e-001 -9.5558045e-001
 -4.6767378e-001 -1.8564809e+000
 -4.4437643e-001 -1.4919835e+000
  5.0888444e-001  7.7152100e-001
  9.5785033e-001  2.0417558e+000
  2.8492012e-001  2.2870694e-001
